<?xml version="1.0" encoding="utf-8"?>
<COLLADA xmlns="http://www.collada.org/2005/11/COLLADASchema" version="1.4.1">
  <asset>
    <contributor>
      <author>Mixamo</author>
      <authoring_tool>COLLADA Mixamo exporter</authoring_tool>
    </contributor>
    <created>2025-05-19T15:41:50Z</created>
    <modified>2025-05-19T15:41:50Z</modified>
    <unit meter="0.010000"/>
    <up_axis>Y_UP</up_axis>
  </asset>
  <library_animations>
    <animation id="mixamorig_Hips-anim" name="mixamorig_Hips">
      <source id="mixamorig_Hips-Matrix-animation-input">
        <float_array id="mixamorig_Hips-Matrix-animation-input-array" count="32">

0.000000 0.033333 0.066667 0.100000 0.133333 0.166667 0.200000 0.233333 0.266667 0.300000 0.333333 0.366667 0.400000 0.433333 0.466667 0.500000
0.533333 0.566667 0.600000 0.633333 0.666667 0.700000 0.733333 0.766667 0.800000 0.833333 0.866667 0.900000 0.933333 0.966667 1.000000 1.033333</float_array>
        <technique_common>
          <accessor source="#mixamorig_Hips-Matrix-animation-input-array" count="32">
            <param name="TIME" type="float"/>
          </accessor>
        </technique_common>
      </source>
      <source id="mixamorig_Hips-Matrix-animation-output-transform">
        <float_array id="mixamorig_Hips-Matrix-animation-output-transform-array" count="512">

0.998458 0.029190 0.047228 -0.003319 -0.028380 0.999440 -0.017747 9.053775 -0.047720 0.016379 0.998726 0.115365 0.000000 0.000000 0.000000 1.000000
0.999286 0.029291 0.023881 -0.015691 -0.028870 0.999425 -0.017782 9.103688 -0.024388 0.017079 0.999557 0.089167 0.000000 0.000000 0.000000 1.000000
0.999439 0.033227 0.004168 -0.024412 -0.033158 0.999329 -0.015585 9.099979 -0.004683 0.015438 0.999870 0.057364 0.000000 0.000000 0.000000 1.000000
0.999291 0.036320 -0.009927 -0.026846 -0.036438 0.999264 -0.012014 9.054110 0.009484 0.012367 0.999879 0.046436 0.000000 0.000000 0.000000 1.000000
0.999142 0.036078 -0.020363 -0.028352 -0.036289 0.999290 -0.010123 8.976232 0.019983 0.010853 0.999741 0.020946 0.000000 0.000000 0.000000 1.000000
0.998926 0.034003 -0.031463 -0.023868 -0.034376 0.999344 -0.011387 8.880827 0.031056 0.012456 0.999440 -0.009463 0.000000 0.000000 0.000000 1.000000
0.998450 0.032821 -0.044953 -0.010661 -0.033456 0.999350 -0.013434 8.779408 0.044483 0.014917 0.998899 -0.028672 0.000000 0.000000 0.000000 1.000000
0.997783 0.032315 -0.058173 0.012497 -0.033134 0.999364 -0.013170 8.664094 0.057711 0.015069 0.998220 -0.011333 0.000000 0.000000 0.000000 1.000000
0.997240 0.029945 -0.067933 0.055554 -0.030845 0.999449 -0.012240 8.538145 0.067529 0.014302 0.997615 0.058594 0.000000 0.000000 0.000000 1.000000
0.997118 0.023112 -0.072264 0.099662 -0.024319 0.999578 -0.015866 8.467619 0.071867 0.017578 0.997259 0.143774 0.000000 0.000000 0.000000 1.000000
0.997459 0.013495 -0.069953 0.147836 -0.015201 0.999598 -0.023915 8.451279 0.069602 0.024918 0.997264 0.203698 0.000000 0.000000 0.000000 1.000000
0.998066 0.005736 -0.061892 0.192626 -0.007536 0.999554 -0.028890 8.478127 0.061699 0.029301 0.997665 0.219818 0.000000 0.000000 0.000000 1.000000
0.998585 0.002998 -0.053099 0.239129 -0.004397 0.999646 -0.026255 8.590751 0.053002 0.026452 0.998244 0.220529 0.000000 0.000000 0.000000 1.000000
0.998935 0.006304 -0.045710 0.277816 -0.007211 0.999780 -0.019701 8.758243 0.045576 0.020009 0.998760 0.210102 0.000000 0.000000 0.000000 1.000000
0.999316 0.014452 -0.034028 0.302512 -0.014969 0.999776 -0.014978 8.920361 0.033803 0.015477 0.999309 0.183863 0.000000 0.000000 0.000000 1.000000
0.999675 0.023099 -0.010825 0.323857 -0.023262 0.999614 -0.015199 9.057391 0.010470 0.015446 0.999826 0.167405 0.000000 0.000000 0.000000 1.000000
0.999439 0.025518 0.021680 0.339402 -0.025079 0.999479 -0.020297 9.133125 -0.022187 0.019742 0.999559 0.118267 0.000000 0.000000 0.000000 1.000000
0.998414 0.018646 0.053124 0.347705 -0.017229 0.999487 -0.026993 9.140699 -0.053600 0.026035 0.998223 0.062416 0.000000 0.000000 0.000000 1.000000
0.997147 0.006174 0.075228 0.351540 -0.003818 0.999499 -0.031420 9.086531 -0.075385 0.031043 0.996671 0.029826 0.000000 0.000000 0.000000 1.000000
0.996101 -0.005863 0.088028 0.355645 0.008759 0.999432 -0.032552 8.984095 -0.087787 0.033196 0.995586 0.006653 0.000000 0.000000 0.000000 1.000000
0.995104 -0.014549 0.097753 0.355286 0.017774 0.999323 -0.032200 8.864414 -0.097219 0.033780 0.994690 -0.010966 0.000000 0.000000 0.000000 1.000000
0.993724 -0.019967 0.110063 0.350859 0.023678 0.999191 -0.032515 8.726441 -0.109325 0.034917 0.993393 -0.018149 0.000000 0.000000 0.000000 1.000000
0.991848 -0.022074 0.125498 0.337045 0.026587 0.999054 -0.034401 8.593747 -0.124620 0.037457 0.991497 -0.025928 0.000000 0.000000 0.000000 1.000000
0.990032 -0.018989 0.139556 0.301067 0.024548 0.998968 -0.038225 8.477238 -0.138686 0.041270 0.989476 0.007261 0.000000 0.000000 0.000000 1.000000
0.989354 -0.008287 0.145292 0.254381 0.014946 0.998884 -0.044796 8.420521 -0.144759 0.046491 0.988374 0.063832 0.000000 0.000000 0.000000 1.000000
0.990172 0.009340 0.139543 0.201752 -0.001924 0.998583 -0.053190 8.415045 -0.139842 0.052399 0.988786 0.094218 0.000000 0.000000 0.000000 1.000000
0.991390 0.028229 0.127866 0.152538 -0.020895 0.998078 -0.058342 8.481656 -0.129268 0.055168 0.990074 0.112133 0.000000 0.000000 0.000000 1.000000
0.992045 0.041460 0.118863 0.093442 -0.035123 0.997873 -0.054915 8.592302 -0.120887 0.050303 0.991391 0.113799 0.000000 0.000000 0.000000 1.000000
0.992670 0.045275 0.112052 0.057100 -0.040607 0.998224 -0.043599 8.735674 -0.113827 0.038729 0.992745 0.110693 0.000000 0.000000 0.000000 1.000000
0.994113 0.041909 0.099912 0.032552 -0.039026 0.998768 -0.030636 8.871296 -0.101073 0.026556 0.994525 0.123385 0.000000 0.000000 0.000000 1.000000
0.996382 0.034823 0.077526 0.012682 -0.033245 0.999215 -0.021551 8.978665 -0.078216 0.018896 0.996757 0.133579 0.000000 0.000000 0.000000 1.000000
0.998458 0.029191 0.047228 -0.003319 -0.028380 0.999440 -0.017747 9.053776 -0.047720 0.016379 0.998726 0.115365 0.000000 0.000000 0.000000 1.000000</float_array>
        <technique_common>
          <accessor source="#mixamorig_Hips-Matrix-animation-output-transform-array" count="32" stride="16">
            <param type="float4x4"/>
          </accessor>
        </technique_common>
      </source>
      <source id="mixamorig_Hips-Interpolations">
        <Name_array id="mixamorig_Hips-Interpolations-array" count="32">
 LINEAR LINEAR LINEAR LINEAR LINEAR LINEAR LINEAR LINEAR LINEAR LINEAR LINEAR
LINEAR LINEAR LINEAR LINEAR LINEAR LINEAR LINEAR LINEAR LINEAR LINEAR LINEAR LINEAR
LINEAR LINEAR LINEAR LINEAR LINEAR LINEAR LINEAR LINEAR LINEAR</Name_array>
        <technique_common>
          <accessor source="#mixamorig_Hips-Interpolations-array" count="32">
            <param type="name"/>
          </accessor>
        </technique_common>
      </source>
      <sampler id="mixamorig_Hips-Matrix-animation-transform">
        <input semantic="INPUT" source="#mixamorig_Hips-Matrix-animation-input"/>
        <input semantic="OUTPUT" source="#mixamorig_Hips-Matrix-animation-output-transform"/>
        <input semantic="INTERPOLATION" source="#mixamorig_Hips-Interpolations"/>
      </sampler>
      <channel source="#mixamorig_Hips-Matrix-animation-transform" target="mixamorig_Hips/matrix"/>
    </animation>
    <animation id="mixamorig_Spine-anim" name="mixamorig_Spine">
      <source id="mixamorig_Spine-Matrix-animation-input">
        <float_array id="mixamorig_Spine-Matrix-animation-input-array" count="32">

0.000000 0.033333 0.066667 0.100000 0.133333 0.166667 0.200000 0.233333 0.266667 0.300000 0.333333 0.366667 0.400000 0.433333 0.466667 0.500000
0.533333 0.566667 0.600000 0.633333 0.666667 0.700000 0.733333 0.766667 0.800000 0.833333 0.866667 0.900000 0.933333 0.966667 1.000000 1.033333</float_array>
        <technique_common>
          <accessor source="#mixamorig_Spine-Matrix-animation-input-array" count="32">
            <param name="TIME" type="float"/>
          </accessor>
        </technique_common>
      </source>
      <source id="mixamorig_Spine-Matrix-animation-output-transform">
        <float_array id="mixamorig_Spine-Matrix-animation-output-transform-array" count="512">

0.999958 -0.007607 0.005097 0.000000 0.007034 0.994522 0.104294 0.994700 -0.005863 -0.104254 0.994533 -0.107700 0.000000 0.000000 0.000000 1.000000
0.999924 -0.005279 0.011117 0.000000 0.004095 0.994572 0.103970 0.994700 -0.011605 -0.103916 0.994518 -0.107700 0.000000 0.000000 0.000000 1.000000
0.999859 -0.004201 0.016239 0.000000 0.002522 0.994775 0.102059 0.994700 -0.016583 -0.102003 0.994646 -0.107700 0.000000 0.000000 0.000000 1.000000
0.999789 -0.003789 0.020167 0.000000 0.001731 0.994873 0.101114 0.994700 -0.020447 -0.101058 0.994670 -0.107700 0.000000 0.000000 0.000000 1.000000
0.999721 -0.002426 0.023502 0.000000 0.000068 0.995009 0.099783 0.994700 -0.023627 -0.099753 0.994732 -0.107700 0.000000 0.000000 0.000000 1.000000
0.999635 -0.000355 0.026996 -0.000000 -0.002334 0.995035 0.099502 0.994700 -0.026897 -0.099529 0.994671 -0.107700 0.000000 0.000000 0.000000 1.000000
0.999514 0.001618 0.031130 -0.000000 -0.004715 0.995009 0.099674 0.994700 -0.030814 -0.099773 0.994533 -0.107700 0.000000 0.000000 0.000000 1.000000
0.999373 0.003331 0.035249 -0.000000 -0.006846 0.994957 0.100065 0.994700 -0.034738 -0.100243 0.994356 -0.107700 0.000000 0.000000 0.000000 1.000000
0.999251 0.004927 0.038393 0.000000 -0.008791 0.994834 0.101133 0.994700 -0.037696 -0.101395 0.994132 -0.107700 0.000000 0.000000 0.000000 1.000000
0.999196 0.007002 0.039477 -0.000000 -0.011113 0.994420 0.104907 0.994700 -0.038523 -0.105261 0.993698 -0.107700 0.000000 0.000000 0.000000 1.000000
0.999234 0.009735 0.037908 0.000000 -0.013860 0.993822 0.110116 0.994700 -0.036602 -0.110557 0.993196 -0.107700 0.000000 0.000000 0.000000 1.000000
0.999363 0.011250 0.033878 0.000000 -0.014988 0.993576 0.112172 0.994700 -0.032398 -0.112609 0.993111 -0.107700 0.000000 0.000000 0.000000 1.000000
0.999525 0.010619 0.028930 0.000000 -0.013759 0.993769 0.110610 0.994700 -0.027575 -0.110956 0.993443 -0.107700 0.000000 0.000000 0.000000 1.000000
0.999670 0.009635 0.023807 -0.000000 -0.012157 0.994057 0.108178 0.994700 -0.022623 -0.108431 0.993846 -0.107700 0.000000 0.000000 0.000000 1.000000
0.999817 0.007510 0.017599 -0.000000 -0.009340 0.994289 0.106313 0.994700 -0.016700 -0.106458 0.994177 -0.107700 0.000000 0.000000 0.000000 1.000000
0.999945 0.004731 0.009406 0.000000 -0.005701 0.994369 0.105819 0.994700 -0.008853 -0.105867 0.994341 -0.107700 0.000000 0.000000 0.000000 1.000000
0.999994 0.003355 0.000451 -0.000000 -0.003384 0.994459 0.105068 0.994700 -0.000096 -0.105069 0.994465 -0.107700 0.000000 0.000000 0.000000 1.000000
0.999968 0.003917 -0.007015 0.000000 -0.003164 0.994536 0.104350 0.994700 0.007385 -0.104324 0.994516 -0.107700 0.000000 0.000000 0.000000 1.000000
0.999915 0.005410 -0.011856 0.000000 -0.004151 0.994597 0.103733 0.994700 0.012354 -0.103675 0.994535 -0.107700 0.000000 0.000000 0.000000 1.000000
0.999875 0.005536 -0.014808 0.000000 -0.003996 0.994763 0.102126 0.994700 0.015296 -0.102054 0.994661 -0.107700 0.000000 0.000000 0.000000 1.000000
0.999836 0.005350 -0.017303 0.000000 -0.003584 0.994928 0.100526 0.994700 0.017753 -0.100448 0.994784 -0.107700 0.000000 0.000000 0.000000 1.000000
0.999781 0.004058 -0.020554 -0.000000 -0.001990 0.995021 0.099644 0.994700 0.020856 -0.099581 0.994811 -0.107700 0.000000 0.000000 0.000000 1.000000
0.999698 0.001975 -0.024500 -0.000000 0.000472 0.995040 0.099474 0.994700 0.024575 -0.099455 0.994739 -0.107700 0.000000 0.000000 0.000000 1.000000
0.999610 0.000131 -0.027915 0.000000 0.002705 0.994831 0.101507 0.994700 0.027784 -0.101543 0.994443 -0.107700 0.000000 0.000000 0.000000 1.000000
0.999571 -0.002567 -0.029162 0.000000 0.005650 0.994336 0.106132 0.994700 0.028725 -0.106251 0.993924 -0.107700 0.000000 0.000000 0.000000 1.000000
0.999607 -0.006042 -0.027370 0.000000 0.009043 0.993790 0.110908 0.994700 0.026530 -0.111112 0.993454 -0.107700 0.000000 0.000000 0.000000 1.000000
0.999669 -0.010423 -0.023513 -0.000000 0.013022 0.993481 0.113254 0.994700 0.022180 -0.113523 0.993288 -0.107700 0.000000 0.000000 0.000000 1.000000
0.999726 -0.012797 -0.019589 0.000000 0.014915 0.993588 0.112072 0.994700 0.018029 -0.112334 0.993507 -0.107700 0.000000 0.000000 0.000000 1.000000
0.999779 -0.013827 -0.015865 0.000000 0.015475 0.993922 0.108990 0.994700 0.014262 -0.109211 0.993916 -0.107700 0.000000 0.000000 0.000000 1.000000
0.999854 -0.013205 -0.010877 0.000000 0.014288 0.994216 0.106440 0.994700 0.009408 -0.106580 0.994260 -0.107700 0.000000 0.000000 0.000000 1.000000
0.999941 -0.010344 -0.003362 -0.000000 0.010641 0.994368 0.105450 0.994700 0.002252 -0.105479 0.994419 -0.107700 0.000000 0.000000 0.000000 1.000000
0.999958 -0.007608 0.005097 0.000000 0.007035 0.994522 0.104294 0.994700 -0.005863 -0.104254 0.994533 -0.107700 0.000000 0.000000 0.000000 1.000000</float_array>
        <technique_common>
          <accessor source="#mixamorig_Spine-Matrix-animation-output-transform-array" count="32" stride="16">
            <param type="float4x4"/>
          </accessor>
        </technique_common>
      </source>
      <source id="mixamorig_Spine-Interpolations">
        <Name_array id="mixamorig_Spine-Interpolations-array" count="32">
 LINEAR LINEAR LINEAR LINEAR LINEAR LINEAR LINEAR LINEAR LINEAR LINEAR LINEAR
LINEAR LINEAR LINEAR LINEAR LINEAR LINEAR LINEAR LINEAR LINEAR LINEAR LINEAR LINEAR
LINEAR LINEAR LINEAR LINEAR LINEAR LINEAR LINEAR LINEAR LINEAR</Name_array>
        <technique_common>
          <accessor source="#mixamorig_Spine-Interpolations-array" count="32">
            <param type="name"/>
          </accessor>
        </technique_common>
      </source>
      <sampler id="mixamorig_Spine-Matrix-animation-transform">
        <input semantic="INPUT" source="#mixamorig_Spine-Matrix-animation-input"/>
        <input semantic="OUTPUT" source="#mixamorig_Spine-Matrix-animation-output-transform"/>
        <input semantic="INTERPOLATION" source="#mixamorig_Spine-Interpolations"/>
      </sampler>
      <channel source="#mixamorig_Spine-Matrix-animation-transform" target="mixamorig_Spine/matrix"/>
    </animation>
    <animation id="mixamorig_Spine1-anim" name="mixamorig_Spine1">
      <source id="mixamorig_Spine1-Matrix-animation-input">
        <float_array id="mixamorig_Spine1-Matrix-animation-input-array" count="32">

0.000000 0.033333 0.066667 0.100000 0.133333 0.166667 0.200000 0.233333 0.266667 0.300000 0.333333 0.366667 0.400000 0.433333 0.466667 0.500000
0.533333 0.566667 0.600000 0.633333 0.666667 0.700000 0.733333 0.766667 0.800000 0.833333 0.866667 0.900000 0.933333 0.966667 1.000000 1.033333</float_array>
        <technique_common>
          <accessor source="#mixamorig_Spine1-Matrix-animation-input-array" count="32">
            <param name="TIME" type="float"/>
          </accessor>
        </technique_common>
      </source>
      <source id="mixamorig_Spine1-Matrix-animation-output-transform">
        <float_array id="mixamorig_Spine1-Matrix-animation-output-transform-array" count="512">

0.999889 -0.009923 0.011081 0.000000 0.009998 0.999927 -0.006716 1.167300 -0.011013 0.006826 0.999916 0.000000 0.000000 0.000000 0.000000 1.000000
0.999723 -0.005111 0.022961 0.000000 0.005282 0.999959 -0.007387 1.167300 -0.022922 0.007506 0.999709 0.000000 0.000000 0.000000 0.000000 1.000000
0.999450 -0.002812 0.033046 -0.000000 0.003185 0.999932 -0.011246 1.167300 -0.033012 0.011346 0.999391 0.000000 0.000000 0.000000 0.000000 1.000000
0.999167 -0.001988 0.040767 0.000000 0.002526 0.999910 -0.013151 1.167300 -0.040737 0.013243 0.999082 0.000000 0.000000 0.000000 0.000000 1.000000
0.998865 0.000159 0.047632 0.000000 0.000597 0.999874 -0.015839 1.167300 -0.047628 0.015849 0.998739 0.000000 0.000000 0.000000 0.000000 1.000000
0.998454 0.003357 0.055483 0.000000 -0.002449 0.999862 -0.016422 1.167300 -0.055531 0.016261 0.998325 0.000000 0.000000 0.000000 0.000000 1.000000
0.997879 0.006771 0.064746 0.000000 -0.005739 0.999854 -0.016111 1.167300 -0.064846 0.015705 0.997772 -0.000000 0.000000 0.000000 0.000000 1.000000
0.997228 0.009491 0.073797 -0.000000 -0.008380 0.999847 -0.015351 1.167300 -0.073931 0.014690 0.997155 0.000000 0.000000 0.000000 0.000000 1.000000
0.996679 0.011929 0.080551 0.000000 -0.010898 0.999853 -0.013228 1.167300 -0.080697 0.012307 0.996663 0.000000 0.000000 0.000000 0.000000 1.000000
0.996396 0.015284 0.083429 0.000000 -0.014860 0.999873 -0.005703 1.167300 -0.083506 0.004443 0.996497 0.000000 0.000000 0.000000 0.000000 1.000000
0.996446 0.021539 0.081436 0.000000 -0.021986 0.999748 0.004594 1.167300 -0.081316 -0.006368 0.996668 0.000000 0.000000 0.000000 0.000000 1.000000
0.996911 0.026468 0.073941 -0.000000 -0.027177 0.999594 0.008600 1.167300 -0.073683 -0.010583 0.997226 0.000000 0.000000 0.000000 0.000000 1.000000
0.997703 0.025670 0.062684 -0.000000 -0.026067 0.999645 0.005530 1.167300 -0.062520 -0.007151 0.998018 0.000000 0.000000 0.000000 0.000000 1.000000
0.998475 0.022635 0.050343 -0.000000 -0.022702 0.999742 0.000773 1.167300 -0.050313 -0.001915 0.998732 0.000000 0.000000 0.000000 0.000000 1.000000
0.999203 0.016798 0.036216 0.000000 -0.016706 0.999856 -0.002833 1.167300 -0.036258 0.002225 0.999340 0.000000 0.000000 0.000000 0.000000 1.000000
0.999763 0.010328 0.019151 0.000000 -0.010259 0.999940 -0.003731 1.167300 -0.019188 0.003534 0.999810 0.000000 0.000000 0.000000 0.000000 1.000000
0.999973 0.007314 0.001032 -0.000000 -0.007309 0.999960 -0.005199 1.167300 -0.001070 0.005191 0.999986 0.000000 0.000000 0.000000 0.000000 1.000000
0.999868 0.008111 -0.014085 0.000000 -0.008204 0.999945 -0.006607 1.167300 0.014031 0.006722 0.999879 0.000000 0.000000 0.000000 0.000000 1.000000
0.999659 0.010450 -0.023932 -0.000000 -0.010640 0.999913 -0.007814 1.167300 0.023848 0.008066 0.999683 0.000000 0.000000 0.000000 0.000000 1.000000
0.999496 0.009749 -0.030205 0.000000 -0.010087 0.999888 -0.011045 1.167300 0.030094 0.011345 0.999483 0.000000 0.000000 0.000000 0.000000 1.000000
0.999319 0.008541 -0.035909 0.000000 -0.009059 0.999857 -0.014271 1.167300 0.035782 0.014586 0.999253 -0.000000 0.000000 0.000000 0.000000 1.000000
0.999040 0.006047 -0.043388 0.000000 -0.006749 0.999849 -0.016042 1.167300 0.043285 0.016320 0.998929 -0.000000 0.000000 0.000000 0.000000 1.000000
0.998636 0.002706 -0.052144 -0.000000 -0.003564 0.999860 -0.016372 1.167300 0.052093 0.016535 0.998505 0.000000 0.000000 0.000000 0.000000 1.000000
0.998240 -0.000152 -0.059298 -0.000000 -0.000577 0.999924 -0.012279 1.167300 0.059295 0.012292 0.998165 0.000000 0.000000 0.000000 0.000000 1.000000
0.998082 -0.004438 -0.061740 0.000000 0.004260 0.999986 -0.003011 1.167300 0.061752 0.002742 0.998088 0.000000 0.000000 0.000000 0.000000 1.000000
0.998264 -0.010182 -0.058019 0.000000 0.010579 0.999923 0.006535 1.167300 0.057948 -0.007137 0.998294 0.000000 0.000000 0.000000 0.000000 1.000000
0.998541 -0.018927 -0.050576 0.000000 0.019514 0.999748 0.011135 1.167300 0.050352 -0.012106 0.998658 0.000000 0.000000 0.000000 0.000000 1.000000
0.998840 -0.023756 -0.041873 0.000000 0.024142 0.999670 0.008724 1.167300 0.041652 -0.009725 0.999085 0.000000 0.000000 0.000000 0.000000 1.000000
0.999166 -0.024701 -0.032508 0.000000 0.024798 0.999689 0.002580 1.167300 0.032435 -0.003384 0.999468 0.000000 0.000000 0.000000 0.000000 1.000000
0.999563 -0.021144 -0.020635 0.000000 0.021098 0.999774 -0.002442 1.167300 0.020682 0.002006 0.999784 -0.000000 0.000000 0.000000 0.000000 1.000000
0.999866 -0.015366 -0.005656 0.000000 0.015342 0.999873 -0.004398 1.167300 0.005723 0.004311 0.999974 0.000000 0.000000 0.000000 0.000000 1.000000
0.999889 -0.009923 0.011081 0.000000 0.009998 0.999927 -0.006716 1.167300 -0.011013 0.006826 0.999916 0.000000 0.000000 0.000000 0.000000 1.000000</float_array>
        <technique_common>
          <accessor source="#mixamorig_Spine1-Matrix-animation-output-transform-array" count="32" stride="16">
            <param type="float4x4"/>
          </accessor>
        </technique_common>
      </source>
      <source id="mixamorig_Spine1-Interpolations">
        <Name_array id="mixamorig_Spine1-Interpolations-array" count="32">
 LINEAR LINEAR LINEAR LINEAR LINEAR LINEAR LINEAR LINEAR LINEAR LINEAR LINEAR
LINEAR LINEAR LINEAR LINEAR LINEAR LINEAR LINEAR LINEAR LINEAR LINEAR LINEAR LINEAR
LINEAR LINEAR LINEAR LINEAR LINEAR LINEAR LINEAR LINEAR LINEAR</Name_array>
        <technique_common>
          <accessor source="#mixamorig_Spine1-Interpolations-array" count="32">
            <param type="name"/>
          </accessor>
        </technique_common>
      </source>
      <sampler id="mixamorig_Spine1-Matrix-animation-transform">
        <input semantic="INPUT" source="#mixamorig_Spine1-Matrix-animation-input"/>
        <input semantic="OUTPUT" source="#mixamorig_Spine1-Matrix-animation-output-transform"/>
        <input semantic="INTERPOLATION" source="#mixamorig_Spine1-Interpolations"/>
      </sampler>
      <channel source="#mixamorig_Spine1-Matrix-animation-transform" target="mixamorig_Spine1/matrix"/>
    </animation>
    <animation id="mixamorig_Spine2-anim" name="mixamorig_Spine2">
      <source id="mixamorig_Spine2-Matrix-animation-input">
        <float_array id="mixamorig_Spine2-Matrix-animation-input-array" count="32">

0.000000 0.033333 0.066667 0.100000 0.133333 0.166667 0.200000 0.233333 0.266667 0.300000 0.333333 0.366667 0.400000 0.433333 0.466667 0.500000
0.533333 0.566667 0.600000 0.633333 0.666667 0.700000 0.733333 0.766667 0.800000 0.833333 0.866667 0.900000 0.933333 0.966667 1.000000 1.033333</float_array>
        <technique_common>
          <accessor source="#mixamorig_Spine2-Matrix-animation-input-array" count="32">
            <param name="TIME" type="float"/>
          </accessor>
        </technique_common>
      </source>
      <source id="mixamorig_Spine2-Matrix-animation-output-transform">
        <float_array id="mixamorig_Spine2-Matrix-animation-output-transform-array" count="512">

0.999889 -0.009923 0.011081 -0.000000 0.009998 0.999927 -0.006716 1.334000 -0.011013 0.006826 0.999916 0.000000 0.000000 0.000000 0.000000 1.000000
0.999723 -0.005111 0.022961 0.000000 0.005282 0.999959 -0.007387 1.334000 -0.022922 0.007506 0.999709 0.000000 0.000000 0.000000 0.000000 1.000000
0.999450 -0.002812 0.033046 0.000000 0.003185 0.999932 -0.011246 1.334000 -0.033012 0.011346 0.999391 0.000000 0.000000 0.000000 0.000000 1.000000
0.999167 -0.001988 0.040767 0.000000 0.002526 0.999910 -0.013151 1.334000 -0.040737 0.013243 0.999082 0.000000 0.000000 0.000000 0.000000 1.000000
0.998865 0.000159 0.047632 0.000000 0.000597 0.999874 -0.015839 1.334000 -0.047628 0.015849 0.998739 0.000000 0.000000 0.000000 0.000000 1.000000
0.998454 0.003357 0.055483 -0.000000 -0.002449 0.999862 -0.016422 1.334000 -0.055531 0.016261 0.998325 -0.000000 0.000000 0.000000 0.000000 1.000000
0.997879 0.006771 0.064746 0.000000 -0.005739 0.999854 -0.016111 1.334000 -0.064846 0.015705 0.997772 0.000000 0.000000 0.000000 0.000000 1.000000
0.997228 0.009491 0.073797 0.000000 -0.008380 0.999847 -0.015351 1.334000 -0.073931 0.014690 0.997155 0.000000 0.000000 0.000000 0.000000 1.000000
0.996679 0.011929 0.080551 0.000000 -0.010898 0.999853 -0.013228 1.334000 -0.080697 0.012307 0.996663 0.000000 0.000000 0.000000 0.000000 1.000000
0.996396 0.015284 0.083429 0.000000 -0.014860 0.999873 -0.005703 1.334000 -0.083506 0.004443 0.996497 0.000000 0.000000 0.000000 0.000000 1.000000
0.996446 0.021539 0.081436 0.000000 -0.021986 0.999748 0.004594 1.334000 -0.081316 -0.006368 0.996668 -0.000000 0.000000 0.000000 0.000000 1.000000
0.996911 0.026468 0.073941 0.000000 -0.027177 0.999594 0.008600 1.334000 -0.073683 -0.010583 0.997226 0.000000 0.000000 0.000000 0.000000 1.000000
0.997703 0.025670 0.062684 0.000000 -0.026067 0.999645 0.005530 1.334000 -0.062520 -0.007151 0.998018 0.000000 0.000000 0.000000 0.000000 1.000000
0.998475 0.022635 0.050343 -0.000000 -0.022702 0.999742 0.000773 1.334000 -0.050313 -0.001915 0.998732 0.000000 0.000000 0.000000 0.000000 1.000000
0.999203 0.016798 0.036216 -0.000000 -0.016706 0.999856 -0.002833 1.334000 -0.036258 0.002225 0.999340 0.000000 0.000000 0.000000 0.000000 1.000000
0.999763 0.010328 0.019151 0.000000 -0.010259 0.999940 -0.003731 1.334000 -0.019188 0.003534 0.999810 0.000000 0.000000 0.000000 0.000000 1.000000
0.999973 0.007314 0.001032 0.000000 -0.007309 0.999960 -0.005199 1.334000 -0.001070 0.005191 0.999986 -0.000000 0.000000 0.000000 0.000000 1.000000
0.999868 0.008111 -0.014085 -0.000000 -0.008204 0.999945 -0.006607 1.334000 0.014031 0.006722 0.999879 0.000000 0.000000 0.000000 0.000000 1.000000
0.999659 0.010450 -0.023932 0.000000 -0.010640 0.999913 -0.007814 1.334000 0.023848 0.008066 0.999683 0.000000 0.000000 0.000000 0.000000 1.000000
0.999496 0.009749 -0.030205 0.000000 -0.010087 0.999888 -0.011045 1.334000 0.030094 0.011345 0.999483 0.000000 0.000000 0.000000 0.000000 1.000000
0.999319 0.008541 -0.035909 0.000000 -0.009059 0.999857 -0.014271 1.334000 0.035782 0.014586 0.999253 0.000000 0.000000 0.000000 0.000000 1.000000
0.999040 0.006047 -0.043388 0.000000 -0.006749 0.999849 -0.016042 1.334000 0.043285 0.016320 0.998929 -0.000000 0.000000 0.000000 0.000000 1.000000
0.998636 0.002706 -0.052144 -0.000000 -0.003564 0.999860 -0.016372 1.334000 0.052093 0.016535 0.998505 0.000000 0.000000 0.000000 0.000000 1.000000
0.998240 -0.000152 -0.059298 0.000000 -0.000577 0.999924 -0.012279 1.334000 0.059295 0.012292 0.998165 0.000000 0.000000 0.000000 0.000000 1.000000
0.998082 -0.004438 -0.061740 0.000000 0.004260 0.999986 -0.003011 1.334000 0.061752 0.002742 0.998088 0.000000 0.000000 0.000000 0.000000 1.000000
0.998264 -0.010182 -0.058019 0.000000 0.010579 0.999923 0.006535 1.334000 0.057948 -0.007137 0.998294 0.000000 0.000000 0.000000 0.000000 1.000000
0.998541 -0.018927 -0.050576 0.000000 0.019514 0.999748 0.011135 1.334000 0.050353 -0.012106 0.998658 0.000000 0.000000 0.000000 0.000000 1.000000
0.998840 -0.023756 -0.041873 0.000000 0.024142 0.999670 0.008724 1.334000 0.041652 -0.009725 0.999085 0.000000 0.000000 0.000000 0.000000 1.000000
0.999166 -0.024701 -0.032508 0.000000 0.024798 0.999689 0.002580 1.334000 0.032435 -0.003384 0.999468 0.000000 0.000000 0.000000 0.000000 1.000000
0.999563 -0.021144 -0.020635 -0.000000 0.021098 0.999774 -0.002442 1.334000 0.020682 0.002006 0.999784 0.000000 0.000000 0.000000 0.000000 1.000000
0.999866 -0.015366 -0.005656 0.000000 0.015342 0.999873 -0.004398 1.334000 0.005723 0.004311 0.999974 0.000000 0.000000 0.000000 0.000000 1.000000
0.999889 -0.009923 0.011081 0.000000 0.009998 0.999927 -0.006716 1.334000 -0.011013 0.006826 0.999916 0.000000 0.000000 0.000000 0.000000 1.000000</float_array>
        <technique_common>
          <accessor source="#mixamorig_Spine2-Matrix-animation-output-transform-array" count="32" stride="16">
            <param type="float4x4"/>
          </accessor>
        </technique_common>
      </source>
      <source id="mixamorig_Spine2-Interpolations">
        <Name_array id="mixamorig_Spine2-Interpolations-array" count="32">
 LINEAR LINEAR LINEAR LINEAR LINEAR LINEAR LINEAR LINEAR LINEAR LINEAR LINEAR
LINEAR LINEAR LINEAR LINEAR LINEAR LINEAR LINEAR LINEAR LINEAR LINEAR LINEAR LINEAR
LINEAR LINEAR LINEAR LINEAR LINEAR LINEAR LINEAR LINEAR LINEAR</Name_array>
        <technique_common>
          <accessor source="#mixamorig_Spine2-Interpolations-array" count="32">
            <param type="name"/>
          </accessor>
        </technique_common>
      </source>
      <sampler id="mixamorig_Spine2-Matrix-animation-transform">
        <input semantic="INPUT" source="#mixamorig_Spine2-Matrix-animation-input"/>
        <input semantic="OUTPUT" source="#mixamorig_Spine2-Matrix-animation-output-transform"/>
        <input semantic="INTERPOLATION" source="#mixamorig_Spine2-Interpolations"/>
      </sampler>
      <channel source="#mixamorig_Spine2-Matrix-animation-transform" target="mixamorig_Spine2/matrix"/>
    </animation>
    <animation id="mixamorig_Neck-anim" name="mixamorig_Neck">
      <source id="mixamorig_Neck-Matrix-animation-input">
        <float_array id="mixamorig_Neck-Matrix-animation-input-array" count="32">

0.000000 0.033333 0.066667 0.100000 0.133333 0.166667 0.200000 0.233333 0.266667 0.300000 0.333333 0.366667 0.400000 0.433333 0.466667 0.500000
0.533333 0.566667 0.600000 0.633333 0.666667 0.700000 0.733333 0.766667 0.800000 0.833333 0.866667 0.900000 0.933333 0.966667 1.000000 1.033333</float_array>
        <technique_common>
          <accessor source="#mixamorig_Neck-Matrix-animation-input-array" count="32">
            <param name="TIME" type="float"/>
          </accessor>
        </technique_common>
      </source>
      <source id="mixamorig_Neck-Matrix-animation-output-transform">
        <float_array id="mixamorig_Neck-Matrix-animation-output-transform-array" count="512">

0.999746 0.021083 -0.007958 0.000000 -0.021817 0.993957 -0.107576 1.500800 0.005642 0.107722 0.994165 0.000000 0.000000 0.000000 0.000000 1.000000
0.999909 0.008095 -0.010777 0.000000 -0.009301 0.993090 -0.116983 1.500800 0.009755 0.117072 0.993075 0.000000 0.000000 0.000000 0.000000 1.000000
0.999848 -0.009064 -0.014863 0.000000 0.007247 0.992983 -0.118033 1.500800 0.015828 0.117908 0.992898 0.000000 0.000000 0.000000 0.000000 1.000000
0.999628 -0.021022 -0.017352 -0.000000 0.018501 0.990741 -0.134499 1.500800 0.020019 0.134128 0.990762 -0.000000 0.000000 0.000000 0.000000 1.000000
0.999162 -0.035487 -0.020381 -0.000000 0.032202 0.989114 -0.143583 1.500800 0.025254 0.142807 0.989428 -0.000000 0.000000 0.000000 0.000000 1.000000
0.998259 -0.053529 -0.024755 0.000000 0.049154 0.987113 -0.152290 1.500800 0.032588 0.150808 0.988026 -0.000000 0.000000 0.000000 0.000000 1.000000
0.996879 -0.072846 -0.030426 -0.000000 0.067372 0.985912 -0.153095 1.500800 0.041149 0.150567 0.987743 -0.000000 0.000000 0.000000 0.000000 1.000000
0.995707 -0.085504 -0.035455 0.000000 0.079760 0.986918 -0.140115 1.500800 0.046972 0.136685 0.989500 0.000000 0.000000 0.000000 0.000000 1.000000
0.995584 -0.086101 -0.037401 0.000000 0.081217 0.989833 -0.116766 1.500800 0.047075 0.113213 0.992455 0.000000 0.000000 0.000000 0.000000 1.000000
0.996181 -0.079903 -0.035187 0.000000 0.075276 0.990220 -0.117468 1.500800 0.044229 0.114370 0.992453 0.000000 0.000000 0.000000 0.000000 1.000000
0.996334 -0.079391 -0.031871 0.000000 0.074577 0.988558 -0.131118 1.500800 0.041916 0.128261 0.990854 0.000000 0.000000 0.000000 0.000000 1.000000
0.997093 -0.071280 -0.026913 0.000000 0.067303 0.989566 -0.127397 1.500800 0.035713 0.125215 0.991487 0.000000 0.000000 0.000000 0.000000 1.000000
0.998647 -0.048600 -0.018487 -0.000000 0.045956 0.991286 -0.123454 1.500800 0.024326 0.122437 0.992178 0.000000 0.000000 0.000000 0.000000 1.000000
0.999337 -0.034502 -0.011603 0.000000 0.032688 0.990846 -0.130982 1.500800 0.016016 0.130516 0.991317 -0.000000 0.000000 0.000000 0.000000 1.000000
0.999735 -0.022408 -0.005258 0.000000 0.021443 0.989772 -0.141037 1.500800 0.008365 0.140887 0.989990 0.000000 0.000000 0.000000 0.000000 1.000000
0.999933 -0.011586 0.000595 -0.000000 0.011534 0.987204 -0.159044 1.500800 0.001255 0.159041 0.987271 -0.000000 0.000000 0.000000 0.000000 1.000000
0.999961 -0.007402 0.004883 0.000000 0.008102 0.986468 -0.163751 1.500800 -0.003605 0.163784 0.986490 -0.000000 0.000000 0.000000 0.000000 1.000000
0.999949 -0.006031 0.008138 -0.000000 0.007277 0.986602 -0.162981 1.500800 -0.007046 0.163032 0.986596 0.000000 0.000000 0.000000 0.000000 1.000000
0.999937 -0.003519 0.010673 -0.000000 0.005232 0.986272 -0.165043 1.500800 -0.009945 0.165089 0.986229 -0.000000 0.000000 0.000000 0.000000 1.000000
0.999837 0.011058 0.014284 0.000000 -0.008614 0.986911 -0.161033 1.500800 -0.015878 0.160883 0.986846 -0.000000 0.000000 0.000000 0.000000 1.000000
0.999647 0.021206 0.016033 0.000000 -0.018380 0.987026 -0.159503 1.500800 -0.019208 0.159152 0.987067 0.000000 0.000000 0.000000 0.000000 1.000000
0.999268 0.033675 0.018132 0.000000 -0.030547 0.987995 -0.151433 1.500800 -0.023014 0.150768 0.988301 -0.000000 0.000000 0.000000 0.000000 1.000000
0.998653 0.047332 0.021257 0.000000 -0.044161 0.990440 -0.130685 1.500800 -0.027239 0.129571 0.991196 0.000000 0.000000 0.000000 0.000000 1.000000
0.998376 0.052244 0.022726 -0.000000 -0.049408 0.992568 -0.111213 1.500800 -0.028367 0.109910 0.993537 -0.000000 0.000000 0.000000 0.000000 1.000000
0.998296 0.053920 0.022328 0.000000 -0.051149 0.992598 -0.110151 1.500800 -0.028102 0.108821 0.993664 0.000000 0.000000 0.000000 0.000000 1.000000
0.998775 0.045768 0.018820 -0.000000 -0.043501 0.993308 -0.106994 1.500800 -0.023591 0.106045 0.994082 -0.000000 0.000000 0.000000 0.000000 1.000000
0.998939 0.043302 0.015680 0.000000 -0.041574 0.994370 -0.097466 1.500800 -0.019812 0.096711 0.995115 0.000000 0.000000 0.000000 0.000000 1.000000
0.999538 0.028922 0.009387 0.000000 -0.028075 0.996368 -0.080389 1.500800 -0.011678 0.080089 0.996719 -0.000000 0.000000 0.000000 0.000000 1.000000
0.999810 0.019127 0.003694 0.000000 -0.018814 0.997268 -0.071434 1.500800 -0.005050 0.071351 0.997438 0.000000 0.000000 0.000000 0.000000 1.000000
0.999933 0.011452 -0.001796 0.000000 -0.011558 0.996866 -0.078264 1.500800 0.000894 0.078279 0.996931 0.000000 0.000000 0.000000 0.000000 1.000000
0.999932 0.009976 -0.006056 0.000000 -0.010513 0.995298 -0.096287 1.500800 0.005067 0.096344 0.995335 0.000000 0.000000 0.000000 0.000000 1.000000
0.999746 0.021083 -0.007959 -0.000000 -0.021817 0.993957 -0.107576 1.500800 0.005643 0.107722 0.994165 -0.000000 0.000000 0.000000 0.000000 1.000000</float_array>
        <technique_common>
          <accessor source="#mixamorig_Neck-Matrix-animation-output-transform-array" count="32" stride="16">
            <param type="float4x4"/>
          </accessor>
        </technique_common>
      </source>
      <source id="mixamorig_Neck-Interpolations">
        <Name_array id="mixamorig_Neck-Interpolations-array" count="32">
 LINEAR LINEAR LINEAR LINEAR LINEAR LINEAR LINEAR LINEAR LINEAR LINEAR LINEAR
LINEAR LINEAR LINEAR LINEAR LINEAR LINEAR LINEAR LINEAR LINEAR LINEAR LINEAR LINEAR
LINEAR LINEAR LINEAR LINEAR LINEAR LINEAR LINEAR LINEAR LINEAR</Name_array>
        <technique_common>
          <accessor source="#mixamorig_Neck-Interpolations-array" count="32">
            <param type="name"/>
          </accessor>
        </technique_common>
      </source>
      <sampler id="mixamorig_Neck-Matrix-animation-transform">
        <input semantic="INPUT" source="#mixamorig_Neck-Matrix-animation-input"/>
        <input semantic="OUTPUT" source="#mixamorig_Neck-Matrix-animation-output-transform"/>
        <input semantic="INTERPOLATION" source="#mixamorig_Neck-Interpolations"/>
      </sampler>
      <channel source="#mixamorig_Neck-Matrix-animation-transform" target="mixamorig_Neck/matrix"/>
    </animation>
    <animation id="mixamorig_Head-anim" name="mixamorig_Head">
      <source id="mixamorig_Head-Matrix-animation-input">
        <float_array id="mixamorig_Head-Matrix-animation-input-array" count="32">

0.000000 0.033333 0.066667 0.100000 0.133333 0.166667 0.200000 0.233333 0.266667 0.300000 0.333333 0.366667 0.400000 0.433333 0.466667 0.500000
0.533333 0.566667 0.600000 0.633333 0.666667 0.700000 0.733333 0.766667 0.800000 0.833333 0.866667 0.900000 0.933333 0.966667 1.000000 1.033333</float_array>
        <technique_common>
          <accessor source="#mixamorig_Head-Matrix-animation-input-array" count="32">
            <param name="TIME" type="float"/>
          </accessor>
        </technique_common>
      </source>
      <source id="mixamorig_Head-Matrix-animation-output-transform">
        <float_array id="mixamorig_Head-Matrix-animation-output-transform-array" count="512">

0.998050 -0.033250 -0.052817 0.000000 0.030730 0.998383 -0.047823 0.432400 0.054322 0.046107 0.997458 0.105400 0.000000 0.000000 0.000000 1.000000
0.998313 -0.027046 -0.051370 -0.000000 0.024995 0.998880 -0.040165 0.432400 0.052399 0.038813 0.997872 0.105400 0.000000 0.000000 0.000000 1.000000
0.998764 -0.015367 -0.047267 0.000000 0.013615 0.999216 -0.037166 0.432400 0.047802 0.036477 0.998191 0.105400 0.000000 0.000000 0.000000 1.000000
0.999017 -0.007256 -0.043735 -0.000000 0.006089 0.999624 -0.026748 0.432400 0.043913 0.026455 0.998685 0.105400 0.000000 0.000000 0.000000 1.000000
0.999175 0.000758 -0.040598 -0.000000 -0.001576 0.999796 -0.020114 0.432400 0.040575 0.020162 0.998973 0.105400 0.000000 0.000000 0.000000 1.000000
0.999234 0.008478 -0.038206 0.000000 -0.008978 0.999876 -0.012931 0.432400 0.038092 0.013265 0.999186 0.105400 0.000000 0.000000 0.000000 1.000000
0.999212 0.013339 -0.037377 0.000000 -0.013677 0.999868 -0.008804 0.432400 0.037255 0.009308 0.999262 0.105400 0.000000 0.000000 0.000000 1.000000
0.999150 0.010153 -0.039958 0.000000 -0.010711 0.999848 -0.013780 0.432400 0.039812 0.014196 0.999106 0.105400 0.000000 0.000000 0.000000 1.000000
0.998933 -0.003274 -0.046072 0.000000 0.002056 0.999648 -0.026442 0.432400 0.046142 0.026319 0.998588 0.105400 0.000000 0.000000 0.000000 1.000000
0.998476 -0.021051 -0.051009 0.000000 0.019928 0.999550 -0.022423 0.432400 0.051459 0.021372 0.998446 0.105400 0.000000 0.000000 0.000000 1.000000
0.998235 -0.032220 -0.049890 0.000000 0.031583 0.999410 -0.013522 0.432400 0.050296 0.011923 0.998663 0.105400 0.000000 0.000000 0.000000 1.000000
0.998225 -0.040334 -0.043820 0.000000 0.039453 0.999005 -0.020803 0.432400 0.044615 0.019037 0.998823 0.105400 0.000000 0.000000 0.000000 1.000000
0.998204 -0.048961 -0.034508 -0.000000 0.047931 0.998398 -0.030083 0.432400 0.035926 0.028374 0.998952 0.105400 0.000000 0.000000 0.000000 1.000000
0.998543 -0.049893 -0.020539 0.000000 0.049164 0.998191 -0.034594 0.432400 0.022228 0.033534 0.999190 0.105400 0.000000 0.000000 0.000000 1.000000
0.998705 -0.050341 -0.007298 0.000000 0.050026 0.998012 -0.038322 0.432400 0.009212 0.037907 0.999239 0.105400 0.000000 0.000000 0.000000 1.000000
0.998553 -0.053702 0.002758 0.000000 0.053763 0.998061 -0.031377 0.432400 -0.001067 0.031480 0.999504 0.105400 0.000000 0.000000 0.000000 1.000000
0.998294 -0.057564 0.009730 0.000000 0.057790 0.998021 -0.024769 0.432400 -0.008285 0.025289 0.999646 0.105400 0.000000 0.000000 0.000000 1.000000
0.997974 -0.062093 0.013902 -0.000000 0.062313 0.997929 -0.015970 0.432400 -0.012882 0.016804 0.999776 0.105400 0.000000 0.000000 0.000000 1.000000
0.997666 -0.066417 0.015871 -0.000000 0.066487 0.997780 -0.003920 0.432400 -0.015576 0.004966 0.999866 0.105400 0.000000 0.000000 0.000000 1.000000
0.997179 -0.073652 0.014440 0.000000 0.073612 0.997282 0.003239 0.432400 -0.014640 -0.002167 0.999890 0.105400 0.000000 0.000000 0.000000 1.000000
0.997132 -0.074326 0.014256 0.000000 0.074194 0.997197 0.009617 0.432400 -0.014931 -0.008532 0.999852 0.105400 0.000000 0.000000 0.000000 1.000000
0.997315 -0.071916 0.013805 -0.000000 0.071821 0.997391 0.007226 0.432400 -0.014289 -0.006215 0.999879 0.105400 0.000000 0.000000 0.000000 1.000000
0.997661 -0.067196 0.012520 -0.000000 0.067266 0.997721 -0.005228 0.432400 -0.012140 0.006058 0.999908 0.105400 0.000000 0.000000 0.000000 1.000000
0.998297 -0.057129 0.011787 0.000000 0.057345 0.998177 -0.018831 0.432400 -0.010689 0.019475 0.999753 0.105400 0.000000 0.000000 0.000000 1.000000
0.998812 -0.047867 0.009104 0.000000 0.048039 0.998652 -0.019676 0.432400 -0.008150 0.020090 0.999765 0.105400 0.000000 0.000000 0.000000 1.000000
0.999262 -0.038054 0.005220 -0.000000 0.038161 0.999023 -0.022303 0.432400 -0.004366 0.022486 0.999738 0.105400 0.000000 0.000000 0.000000 1.000000
0.999308 -0.037080 -0.002826 -0.000000 0.036988 0.998930 -0.027761 0.432400 0.003853 0.027637 0.999611 0.105400 0.000000 0.000000 0.000000 1.000000
