<?xml version="1.0" encoding="utf-8"?>
<COLLADA xmlns="http://www.collada.org/2005/11/COLLADASchema" version="1.4.1">
  <asset>
    <contributor>
      <author>Mixamo</author>
      <authoring_tool>COLLADA Mixamo exporter</authoring_tool>
      <comments/>
    </contributor>
    <created>2025-06-09T13:40:00Z</created>
    <modified>2025-06-09T13:40:00Z</modified>
    <revision/>
    <title/>
    <unit meter="0.010000"/>
    <up_axis>Y_UP</up_axis>
  </asset>
  <library_animations>
    <animation id="mixamorig_Hips-anim" name="mixamorig_Hips">
      <source id="mixamorig_Hips-Matrix-animation-input">
        <float_array id="mixamorig_Hips-Matrix-animation-input-array" count="102">

0.000000 0.033333 0.066667 0.100000 0.133333 0.166667 0.200000 0.233333 0.266667 0.300000 0.333333 0.366667 0.400000 0.433333 0.466667 0.500000
0.533333 0.566667 0.600000 0.633333 0.666667 0.700000 0.733333 0.766667 0.800000 0.833333 0.866667 0.900000 0.933333 0.966667 1.000000 1.033333
1.066667 1.100000 1.133333 1.166667 1.200000 1.233333 1.266667 1.300000 1.333333 1.366667 1.400000 1.433333 1.466667 1.500000 1.533333 1.566667
1.600000 1.633333 1.666667 1.700000 1.733333 1.766667 1.800000 1.833333 1.866667 1.900000 1.933333 1.966667 2.000000 2.033333 2.066667 2.100000
2.133333 2.166667 2.200000 2.233333 2.266667 2.300000 2.333333 2.366667 2.400000 2.433333 2.466667 2.500000 2.533333 2.566667 2.600000 2.633333
2.666667 2.700000 2.733333 2.766667 2.800000 2.833333 2.866667 2.900000 2.933333 2.966667 3.000000 3.033333 3.066667 3.100000 3.133333 3.166667
3.200000 3.233333 3.266667 3.300000 3.333333 3.366667</float_array>
        <technique_common>
          <accessor source="#mixamorig_Hips-Matrix-animation-input-array" count="102">
            <param name="TIME" type="float"/>
          </accessor>
        </technique_common>
      </source>
      <source id="mixamorig_Hips-Matrix-animation-output-transform">
        <float_array id="mixamorig_Hips-Matrix-animation-output-transform-array" count="1632">

0.998830 0.044492 0.018963 0.302916 -0.043972 0.998668 -0.026981 92.623993 -0.020138 0.026116 0.999456 -1.426955 0.000000 0.000000 0.000000 1.000000
0.999759 0.021443 0.004682 0.060656 -0.021384 0.999695 -0.012393 93.602661 -0.004946 0.012290 0.999912 2.903370 0.000000 0.000000 0.000000 1.000000
0.999972 0.001512 -0.007341 -0.074629 -0.001480 0.999990 0.004289 94.502098 0.007347 -0.004278 0.999964 7.137917 0.000000 0.000000 0.000000 1.000000
0.999651 -0.014244 -0.022233 -0.268862 0.014632 0.999742 0.017378 95.241615 0.021980 -0.017697 0.999602 11.299956 0.000000 0.000000 0.000000 1.000000
0.999142 -0.025182 -0.032868 -0.390830 0.025807 0.999492 0.018711 95.724434 0.032380 -0.019544 0.999285 15.593797 0.000000 0.000000 0.000000 1.000000
0.998631 -0.032743 -0.040801 -0.519196 0.033230 0.999384 0.011321 95.987320 0.040405 -0.012662 0.999103 19.870131 0.000000 0.000000 0.000000 1.000000
0.998414 -0.035452 -0.043742 -0.643432 0.035404 0.999371 -0.001870 95.952560 0.043781 0.000318 0.999041 24.051048 0.000000 0.000000 0.000000 1.000000
0.998657 -0.035251 -0.037963 -0.666320 0.034830 0.999325 -0.011693 95.398811 0.038349 0.010355 0.999211 28.119427 0.000000 0.000000 0.000000 1.000000
0.998802 -0.036719 -0.032335 -0.598886 0.036255 0.999232 -0.014838 94.759483 0.032855 0.013647 0.999367 32.069511 0.000000 0.000000 0.000000 1.000000
0.998550 -0.040365 -0.035605 -0.463434 0.039894 0.999108 -0.013842 94.129669 0.036132 0.012402 0.999270 36.121449 0.000000 0.000000 0.000000 1.000000
0.997398 -0.046242 -0.055303 -0.122688 0.045890 0.998917 -0.007625 93.553772 0.055596 0.005067 0.998440 40.583439 0.000000 0.000000 0.000000 1.000000
0.995226 -0.061681 -0.075636 0.368012 0.062238 0.998049 0.005030 93.021133 0.075178 -0.009713 0.997123 44.951221 0.000000 0.000000 0.000000 1.000000
0.992249 -0.078560 -0.096287 0.857290 0.080655 0.996578 0.018060 92.506912 0.094538 -0.025686 0.995190 49.207809 0.000000 0.000000 0.000000 1.000000
0.987381 -0.090855 -0.129707 1.246035 0.095089 0.995107 0.026823 92.019936 0.126635 -0.038818 0.991190 53.168701 0.000000 0.000000 0.000000 1.000000
0.984094 -0.088643 -0.153951 1.566025 0.094208 0.995124 0.029221 92.307411 0.150610 -0.043259 0.987646 57.292213 0.000000 0.000000 0.000000 1.000000
0.986220 -0.086922 -0.140768 1.612804 0.092070 0.995286 0.030463 92.213432 0.137456 -0.043004 0.989574 61.224594 0.000000 0.000000 0.000000 1.000000
0.992064 -0.070295 -0.104245 1.664376 0.073878 0.996788 0.030910 92.920288 0.101737 -0.038366 0.994071 65.603485 0.000000 0.000000 0.000000 1.000000
0.995902 -0.051216 -0.074538 1.609170 0.053409 0.998188 0.027733 93.518257 0.072982 -0.031601 0.996832 69.805664 0.000000 0.000000 0.000000 1.000000
0.998291 -0.031148 -0.049454 1.556735 0.032300 0.999221 0.022663 94.159424 0.048710 -0.024222 0.998519 73.952072 0.000000 0.000000 0.000000 1.000000
0.999493 -0.013036 -0.029065 1.465839 0.013441 0.999815 0.013772 94.803734 0.028880 -0.014156 0.999483 78.049049 0.000000 0.000000 0.000000 1.000000
0.999951 -0.001602 -0.009774 1.319379 0.001640 0.999991 0.003842 95.258652 0.009768 -0.003857 0.999945 82.045906 0.000000 0.000000 0.000000 1.000000
0.999965 0.002831 0.007843 1.238179 -0.002785 0.999979 -0.005790 95.458527 -0.007859 0.005768 0.999952 85.883118 0.000000 0.000000 0.000000 1.000000
0.999743 0.003353 0.022439 1.241522 -0.003020 0.999885 -0.014845 95.477409 -0.022486 0.014773 0.999638 89.633949 0.000000 0.000000 0.000000 1.000000
0.999349 0.001849 0.036036 1.253050 -0.000988 0.999714 -0.023897 95.351944 -0.036070 0.023845 0.999065 93.342812 0.000000 0.000000 0.000000 1.000000
0.998789 0.000017 0.049207 1.257073 0.001584 0.999471 -0.032489 95.087692 -0.049182 0.032528 0.998260 97.046089 0.000000 0.000000 0.000000 1.000000
0.998052 -0.001480 0.062369 1.241589 0.003993 0.999184 -0.040182 94.806244 -0.062259 0.040353 0.997244 100.765617 0.000000 0.000000 0.000000 1.000000
0.997096 -0.002381 0.076124 1.186771 0.005939 0.998898 -0.046548 94.589638 -0.075929 0.046865 0.996011 104.533218 0.000000 0.000000 0.000000 1.000000
0.995832 -0.002618 0.091166 1.031253 0.007194 0.998728 -0.049904 94.487701 -0.090919 0.050352 0.994585 108.576950 0.000000 0.000000 0.000000 1.000000
0.994294 -0.003506 0.106621 0.792058 0.008937 0.998684 -0.050494 94.408699 -0.106303 0.051159 0.993017 112.921021 0.000000 0.000000 0.000000 1.000000
0.992572 -0.001054 0.121656 0.534942 0.007179 0.998728 -0.049918 94.027191 -0.121449 0.050420 0.991316 117.100616 0.000000 0.000000 0.000000 1.000000
0.990858 0.002419 0.134885 0.261396 0.004021 0.998865 -0.047454 93.513870 -0.134847 0.047563 0.989724 121.247215 0.000000 0.000000 0.000000 1.000000
0.989525 0.004447 0.144291 -0.168308 0.001844 0.999055 -0.043434 93.290764 -0.144347 0.043246 0.988582 125.412071 0.000000 0.000000 0.000000 1.000000
0.988772 0.003833 0.149382 -0.573415 0.001950 0.999255 -0.038549 93.317299 -0.149419 0.038407 0.988028 129.618027 0.000000 0.000000 0.000000 1.000000
0.989784 -0.000819 0.142573 -0.868855 0.005194 0.999527 -0.030315 93.614670 -0.142481 0.030746 0.989320 133.827774 0.000000 0.000000 0.000000 1.000000
0.991793 -0.008194 0.127590 -1.030831 0.010868 0.999735 -0.020282 94.113953 -0.127391 0.021502 0.991620 138.131790 0.000000 0.000000 0.000000 1.000000
0.993660 -0.017440 0.111063 -1.057843 0.018777 0.999763 -0.011009 94.765854 -0.110845 0.013024 0.993752 142.613876 0.000000 0.000000 0.000000 1.000000
0.995061 -0.028485 0.095092 -0.968101 0.029028 0.999569 -0.004333 95.515968 -0.094927 0.007072 0.995459 147.209457 0.000000 0.000000 0.000000 1.000000
0.996031 -0.036070 0.081373 -0.944754 0.036529 0.999324 -0.004167 95.844200 -0.081168 0.007123 0.996675 151.781433 0.000000 0.000000 0.000000 1.000000
0.996868 -0.043673 0.065926 -0.847668 0.044192 0.999002 -0.006432 95.890610 -0.065580 0.009326 0.997804 156.212891 0.000000 0.000000 0.000000 1.000000
0.997445 -0.056059 0.044284 -0.544699 0.056391 0.998389 -0.006278 95.896164 -0.043861 0.008760 0.998999 160.439163 0.000000 0.000000 0.000000 1.000000
0.997455 -0.068636 0.019282 -0.131030 0.068748 0.997620 -0.005203 95.583023 -0.018879 0.006516 0.999801 164.590149 0.000000 0.000000 0.000000 1.000000
0.996862 -0.078717 -0.008329 0.376619 0.078689 0.996893 -0.003571 94.979424 0.008584 0.002904 0.999959 168.861023 0.000000 0.000000 0.000000 1.000000
0.995571 -0.086322 -0.037230 0.945805 0.086319 0.996266 -0.001680 94.201134 0.037236 -0.001541 0.999305 173.249634 0.000000 0.000000 0.000000 1.000000
0.993519 -0.092853 -0.065567 1.537043 0.093071 0.995659 0.000269 93.425316 0.065257 -0.006369 0.997848 177.661591 0.000000 0.000000 0.000000 1.000000
0.991033 -0.097046 -0.091846 2.120773 0.097651 0.995218 0.002109 92.640686 0.091202 -0.011059 0.995771 182.156708 0.000000 0.000000 0.000000 1.000000
0.988452 -0.098867 -0.114836 2.650383 0.099951 0.994986 0.003699 91.721855 0.113894 -0.015135 0.993378 186.683456 0.000000 0.000000 0.000000 1.000000
0.986234 -0.098522 -0.132801 3.102555 0.100064 0.994969 0.004975 90.998764 0.131643 -0.018196 0.991130 191.167099 0.000000 0.000000 0.000000 1.000000
0.984830 -0.096488 -0.144223 3.448669 0.098355 0.995134 0.005853 90.577354 0.142957 -0.019949 0.989528 195.549255 0.000000 0.000000 0.000000 1.000000
0.984827 -0.091694 -0.147338 3.668120 0.093655 0.995584 0.006410 90.525360 0.146099 -0.020112 0.989065 199.828415 0.000000 0.000000 0.000000 1.000000
0.986710 -0.084179 -0.138986 3.718010 0.086058 0.996261 0.007557 90.777138 0.137830 -0.019417 0.990266 203.979065 0.000000 0.000000 0.000000 1.000000
0.989981 -0.071744 -0.121612 3.709160 0.073308 0.997274 0.008422 91.538918 0.120677 -0.017253 0.992542 208.324814 0.000000 0.000000 0.000000 1.000000
0.993589 -0.053412 -0.099640 3.746316 0.054460 0.998485 0.007827 92.837769 0.099071 -0.013203 0.994993 212.873810 0.000000 0.000000 0.000000 1.000000
0.996347 -0.034524 -0.078103 3.775899 0.035007 0.999375 0.004825 94.179657 0.077888 -0.007541 0.996934 217.451721 0.000000 0.000000 0.000000 1.000000
0.997893 -0.020628 -0.061515 3.709400 0.020477 0.999786 -0.003084 95.033401 0.061566 0.001818 0.998101 221.901703 0.000000 0.000000 0.000000 1.000000
0.998817 -0.014504 -0.046406 3.540117 0.013811 0.999789 -0.015233 95.203026 0.046617 0.014574 0.998807 226.188446 0.000000 0.000000 0.000000 1.000000
0.999491 -0.011824 -0.029647 3.354115 0.010983 0.999537 -0.028386 95.123734 0.029968 0.028046 0.999157 230.374146 0.000000 0.000000 0.000000 1.000000
0.999863 -0.010965 -0.012363 3.152165 0.010442 0.999081 -0.041575 94.937386 0.012808 0.041440 0.999059 234.493042 0.000000 0.000000 0.000000 1.000000
0.999937 -0.009880 0.005291 2.926120 0.010149 0.998511 -0.053594 94.652802 -0.004754 0.053645 0.998549 238.526871 0.000000 0.000000 0.000000 1.000000
0.999709 -0.006836 0.023120 2.668626 0.008288 0.997961 -0.063291 94.288170 -0.022640 0.063465 0.997727 242.450546 0.000000 0.000000 0.000000 1.000000
0.999151 -0.001304 0.041187 2.369642 0.004169 0.997569 -0.069559 93.993340 -0.040996 0.069671 0.996727 246.332916 0.000000 0.000000 0.000000 1.000000
0.998150 0.008155 0.060255 1.966022 -0.004063 0.997696 -0.067723 93.814934 -0.060668 0.067353 0.995883 250.257492 0.000000 0.000000 0.000000 1.000000
0.996642 0.016047 0.080300 1.442757 -0.011267 0.998157 -0.059631 93.468102 -0.081109 0.058526 0.994985 254.423889 0.000000 0.000000 0.000000 1.000000
0.994796 0.024587 0.098874 0.907131 -0.019680 0.998540 -0.050301 93.256660 -0.099966 0.048093 0.993828 258.571259 0.000000 0.000000 0.000000 1.000000
0.992788 0.032234 0.115472 0.364237 -0.027727 0.998798 -0.040428 93.113068 -0.116636 0.036935 0.992488 262.702393 0.000000 0.000000 0.000000 1.000000
0.990761 0.039840 0.129637 -0.160943 -0.036151 0.998875 -0.030685 92.985580 -0.130714 0.025715 0.991087 266.716644 0.000000 0.000000 0.000000 1.000000
0.989047 0.045697 0.140349 -0.655541 -0.043070 0.998836 -0.021699 92.940643 -0.141177 0.015417 0.989864 270.679443 0.000000 0.000000 0.000000 1.000000
0.989071 0.046422 0.139938 -1.026998 -0.044764 0.998885 -0.014973 93.013611 -0.140478 0.008545 0.990047 274.598999 0.000000 0.000000 0.000000 1.000000
0.991696 0.037247 0.123094 -1.243438 -0.036177 0.999286 -0.010917 93.450432 -0.123413 0.006373 0.992335 278.650787 0.000000 0.000000 0.000000 1.000000
0.994678 0.024474 0.100085 -1.389649 -0.023793 0.999685 -0.007994 94.078194 -0.100249 0.005570 0.994947 282.795258 0.000000 0.000000 0.000000 1.000000
0.997006 0.011912 0.076400 -1.490230 -0.011556 0.999920 -0.005105 94.849449 -0.076455 0.004207 0.997064 287.014221 0.000000 0.000000 0.000000 1.000000
0.998745 0.003517 0.049959 -1.466997 -0.003371 0.999990 -0.003016 95.684845 -0.049969 0.002844 0.998747 291.356201 0.000000 0.000000 0.000000 1.000000
0.999696 -0.001686 0.024604 -1.375673 0.001826 0.999982 -0.005643 96.068680 -0.024594 0.005686 0.999681 295.585938 0.000000 0.000000 0.000000 1.000000
0.999986 -0.001712 0.004959 -1.304745 0.001788 0.999881 -0.015310 96.167389 -0.004932 0.015319 0.999870 299.982788 0.000000 0.000000 0.000000 1.000000
0.999867 0.006114 -0.015104 -1.269003 -0.006563 0.999534 -0.029826 96.044655 0.014915 0.029921 0.999441 304.263824 0.000000 0.000000 0.000000 1.000000
0.999415 0.017214 -0.029535 -1.240770 -0.018522 0.998833 -0.044599 95.556473 0.028733 0.045120 0.998568 308.396515 0.000000 0.000000 0.000000 1.000000
0.999309 0.021152 -0.030552 -1.200615 -0.022769 0.998304 -0.053588 94.674362 0.029366 0.054246 0.998096 312.043243 0.000000 0.000000 0.000000 1.000000
0.999212 0.014881 -0.036809 -0.958017 -0.016796 0.998491 -0.052283 93.812103 0.035976 0.052860 0.997954 315.999176 0.000000 0.000000 0.000000 1.000000
0.998501 0.000907 -0.054723 -0.501618 -0.003393 0.998965 -0.045351 93.033012 0.054625 0.045468 0.997471 320.340881 0.000000 0.000000 0.000000 1.000000
0.996818 -0.015867 -0.078117 0.051395 0.013072 0.999261 -0.036160 92.376419 0.078633 0.035024 0.996288 324.812439 0.000000 0.000000 0.000000 1.000000
0.993975 -0.031974 -0.104841 0.622748 0.029298 0.999207 -0.026961 91.820389 0.105620 0.023727 0.994123 329.234558 0.000000 0.000000 0.000000 1.000000
0.989445 -0.046688 -0.137183 1.163274 0.044479 0.998827 -0.019122 91.432365 0.137915 0.012818 0.990361 333.351074 0.000000 0.000000 0.000000 1.000000
0.983037 -0.063109 -0.172207 1.632252 0.061945 0.998006 -0.012134 90.918945 0.172629 0.001261 0.984986 337.019409 0.000000 0.000000 0.000000 1.000000
0.983373 -0.063444 -0.170154 1.920612 0.063416 0.997971 -0.005609 90.997978 0.170164 -0.005275 0.985402 340.921600 0.000000 0.000000 0.000000 1.000000
0.988648 -0.050797 -0.141406 2.043464 0.051330 0.998682 0.000122 91.589142 0.141214 -0.007379 0.989952 345.172180 0.000000 0.000000 0.000000 1.000000
0.994161 -0.028402 -0.104100 2.125818 0.028794 0.999583 0.002268 92.711494 0.103992 -0.005253 0.994564 349.624542 0.000000 0.000000 0.000000 1.000000
0.997345 -0.007380 -0.072450 2.163705 0.007627 0.999966 0.003122 93.722778 0.072424 -0.003667 0.997367 354.003754 0.000000 0.000000 0.000000 1.000000
0.998764 0.011609 -0.048331 2.162361 -0.011521 0.999931 0.002100 94.599113 0.048352 -0.001541 0.998829 358.269623 0.000000 0.000000 0.000000 1.000000
0.999177 0.025971 -0.031144 2.184465 -0.026164 0.999641 -0.005794 95.202995 0.030982 0.006604 0.999498 362.379303 0.000000 0.000000 0.000000 1.000000
0.999286 0.034091 -0.016264 2.160842 -0.034359 0.999273 -0.016521 95.421051 0.015689 0.017068 0.999731 366.315308 0.000000 0.000000 0.000000 1.000000
0.999220 0.039423 -0.002084 2.101994 -0.039466 0.998838 -0.027668 95.482056 0.000991 0.027728 0.999615 370.145966 0.000000 0.000000 0.000000 1.000000
0.998948 0.044219 0.012144 2.007104 -0.043729 0.998322 -0.037952 95.442413 -0.013802 0.037381 0.999206 373.940918 0.000000 0.000000 0.000000 1.000000
0.998418 0.049291 0.027063 1.870683 -0.047983 0.997742 -0.046999 95.154182 -0.029319 0.045626 0.998528 377.758148 0.000000 0.000000 0.000000 1.000000
0.997673 0.053312 0.042494 1.698893 -0.050933 0.997174 -0.055231 94.626205 -0.045319 0.052938 0.997569 381.672180 0.000000 0.000000 0.000000 1.000000
0.996682 0.057281 0.057834 1.510439 -0.053642 0.996594 -0.062633 93.929039 -0.061225 0.059323 0.996360 385.628815 0.000000 0.000000 0.000000 1.000000
0.995545 0.060876 0.072004 1.300991 -0.056000 0.996119 -0.067908 93.113037 -0.075858 0.063573 0.995090 389.635529 0.000000 0.000000 0.000000 1.000000
0.994377 0.064183 0.084233 1.094417 -0.058227 0.995749 -0.071365 92.223915 -0.088455 0.066059 0.993887 393.622040 0.000000 0.000000 0.000000 1.000000
0.993178 0.069375 0.093724 0.891018 -0.062671 0.995385 -0.072674 91.214874 -0.098333 0.066305 0.992942 397.453735 0.000000 0.000000 0.000000 1.000000
0.992600 0.072152 0.097666 0.691537 -0.065489 0.995410 -0.069793 90.531418 -0.102253 0.062880 0.992769 401.300812 0.000000 0.000000 0.000000 1.000000
0.992879 0.071779 0.095078 0.492711 -0.066045 0.995879 -0.062147 90.249786 -0.099147 0.055425 0.993528 405.211395 0.000000 0.000000 0.000000 1.000000
0.994633 0.065290 0.080266 0.369596 -0.061175 0.996735 -0.052702 90.499054 -0.083444 0.047509 0.995379 409.281372 0.000000 0.000000 0.000000 1.000000
0.997367 0.053987 0.048416 0.316019 -0.052047 0.997824 -0.040477 91.487495 -0.050496 0.037851 0.998007 413.498962 0.000000 0.000000 0.000000 1.000000
0.998829 0.044492 0.018982 0.300742 -0.043972 0.998668 -0.026981 92.624008 -0.020157 0.026115 0.999456 417.681396 0.000000 0.000000 0.000000 1.000000</float_array>
        <technique_common>
          <accessor source="#mixamorig_Hips-Matrix-animation-output-transform-array" count="102" stride="16">
            <param type="float4x4"/>
          </accessor>
        </technique_common>
      </source>
      <source id="mixamorig_Hips-Interpolations">
        <Name_array id="mixamorig_Hips-Interpolations-array" count="102">
 LINEAR LINEAR LINEAR LINEAR LINEAR LINEAR LINEAR LINEAR LINEAR LINEAR LINEAR
LINEAR LINEAR LINEAR LINEAR LINEAR LINEAR LINEAR LINEAR LINEAR LINEAR LINEAR LINEAR
LINEAR LINEAR LINEAR LINEAR LINEAR LINEAR LINEAR LINEAR LINEAR LINEAR LINEAR LINEAR
LINEAR LINEAR LINEAR LINEAR LINEAR LINEAR LINEAR LINEAR LINEAR LINEAR LINEAR LINEAR
LINEAR LINEAR LINEAR LINEAR LINEAR LINEAR LINEAR LINEAR LINEAR LINEAR LINEAR LINEAR
LINEAR LINEAR LINEAR LINEAR LINEAR LINEAR LINEAR LINEAR LINEAR LINEAR LINEAR LINEAR
LINEAR LINEAR LINEAR LINEAR LINEAR LINEAR LINEAR LINEAR LINEAR LINEAR LINEAR LINEAR
LINEAR LINEAR LINEAR LINEAR LINEAR LINEAR LINEAR LINEAR LINEAR LINEAR LINEAR LINEAR
LINEAR LINEAR LINEAR LINEAR LINEAR LINEAR LINEAR</Name_array>
        <technique_common>
          <accessor source="#mixamorig_Hips-Interpolations-array" count="102">
            <param type="name"/>
          </accessor>
        </technique_common>
      </source>
      <sampler id="mixamorig_Hips-Matrix-animation-transform">
        <input semantic="INPUT" source="#mixamorig_Hips-Matrix-animation-input"/>
        <input semantic="OUTPUT" source="#mixamorig_Hips-Matrix-animation-output-transform"/>
        <input semantic="INTERPOLATION" source="#mixamorig_Hips-Interpolations"/>
      </sampler>
      <channel source="#mixamorig_Hips-Matrix-animation-transform" target="mixamorig_Hips/matrix"/>
    </animation>
    <animation id="mixamorig_Spine-anim" name="mixamorig_Spine">
      <source id="mixamorig_Spine-Matrix-animation-input">
        <float_array id="mixamorig_Spine-Matrix-animation-input-array" count="102">

0.000000 0.033333 0.066667 0.100000 0.133333 0.166667 0.200000 0.233333 0.266667 0.300000 0.333333 0.366667 0.400000 0.433333 0.466667 0.500000
0.533333 0.566667 0.600000 0.633333 0.666667 0.700000 0.733333 0.766667 0.800000 0.833333 0.866667 0.900000 0.933333 0.966667 1.000000 1.033333
1.066667 1.100000 1.133333 1.166667 1.200000 1.233333 1.266667 1.300000 1.333333 1.366667 1.400000 1.433333 1.466667 1.500000 1.533333 1.566667
1.600000 1.633333 1.666667 1.700000 1.733333 1.766667 1.800000 1.833333 1.866667 1.900000 1.933333 1.966667 2.000000 2.033333 2.066667 2.100000
2.133333 2.166667 2.200000 2.233333 2.266667 2.300000 2.333333 2.366667 2.400000 2.433333 2.466667 2.500000 2.533333 2.566667 2.600000 2.633333
2.666667 2.700000 2.733333 2.766667 2.800000 2.833333 2.866667 2.900000 2.933333 2.966667 3.000000 3.033333 3.066667 3.100000 3.133333 3.166667
3.200000 3.233333 3.266667 3.300000 3.333333 3.366667</float_array>
        <technique_common>
          <accessor source="#mixamorig_Spine-Matrix-animation-input-array" count="102">
            <param name="TIME" type="float"/>
          </accessor>
        </technique_common>
      </source>
      <source id="mixamorig_Spine-Matrix-animation-output-transform">
        <float_array id="mixamorig_Spine-Matrix-animation-output-transform-array" count="1632">

0.999375 -0.035291 -0.001923 0.000000 0.035291 0.999377 0.000024 14.658800 0.001921 -0.000092 0.999998 -0.000000 0.000000 0.000000 0.000000 1.000000
0.999501 -0.031455 0.002837 0.000000 0.031454 0.999505 0.000452 14.658800 -0.002849 -0.000363 0.999996 -0.000000 0.000000 0.000000 0.000000 1.000000
0.999596 -0.027446 0.007398 0.000000 0.027442 0.999623 0.000701 14.658800 -0.007414 -0.000497 0.999972 0.000000 0.000000 0.000000 0.000000 1.000000
0.999659 -0.023666 0.011010 0.000000 0.023653 0.999719 0.001343 14.658800 -0.011039 -0.001082 0.999938 -0.000000 0.000000 0.000000 0.000000 1.000000
0.999713 -0.019829 0.013451 0.000000 0.019784 0.999798 0.003457 14.658800 -0.013517 -0.003190 0.999904 0.000000 0.000000 0.000000 0.000000 1.000000
0.999759 -0.016224 0.014764 0.000000 0.016117 0.999843 0.007328 14.658800 -0.014880 -0.007089 0.999864 0.000000 0.000000 0.000000 0.000000 1.000000
0.999813 -0.012706 0.014605 -0.000000 0.012539 0.999855 0.011503 14.658800 -0.014749 -0.011318 0.999827 -0.000000 0.000000 0.000000 0.000000 1.000000
0.999869 -0.009648 0.012968 0.000000 0.009466 0.999857 0.014018 14.658800 -0.013102 -0.013893 0.999818 0.000000 0.000000 0.000000 0.000000 1.000000
0.999917 -0.006348 0.011180 -0.000000 0.006188 0.999878 0.014325 14.658800 -0.011269 -0.014254 0.999835 0.000000 0.000000 0.000000 0.000000 1.000000
0.999930 -0.002669 0.011540 0.000000 0.002515 0.999908 0.013296 14.658800 -0.011574 -0.013266 0.999845 0.000000 0.000000 0.000000 0.000000 1.000000
0.999903 0.000249 0.013915 0.000000 -0.000411 0.999932 0.011631 14.658800 -0.013912 -0.011636 0.999836 0.000000 0.000000 0.000000 0.000000 1.000000
0.999849 0.004831 0.016688 0.000000 -0.004982 0.999947 0.009015 14.658800 -0.016643 -0.009097 0.999820 0.000000 0.000000 0.000000 0.000000 1.000000
0.999744 0.010687 0.019946 0.000000 -0.010798 0.999927 0.005509 14.658800 -0.019886 -0.005723 0.999786 -0.000000 0.000000 0.000000 0.000000 1.000000
0.999496 0.019680 0.024904 -0.000000 -0.019745 0.999802 0.002365 14.658800 -0.024852 -0.002855 0.999687 -0.000000 0.000000 0.000000 0.000000 1.000000
0.999399 0.022377 0.026456 0.000000 -0.022413 0.999748 0.001050 14.658800 -0.026426 -0.001642 0.999649 0.000000 0.000000 0.000000 0.000000 1.000000
0.999323 0.028240 0.023563 0.000000 -0.028281 0.999599 0.001373 14.658800 -0.023514 -0.002038 0.999721 0.000000 0.000000 0.000000 0.000000 1.000000
0.999609 0.023414 0.015317 0.000000 -0.023459 0.999721 0.002787 14.658800 -0.015247 -0.003145 0.999879 0.000000 0.000000 0.000000 0.000000 1.000000
0.999796 0.018657 0.007757 0.000000 -0.018691 0.999816 0.004324 14.658800 -0.007675 -0.004468 0.999961 -0.000000 0.000000 0.000000 0.000000 1.000000
0.999915 0.012930 0.001843 0.000000 -0.012941 0.999898 0.006021 14.658800 -0.001765 -0.006044 0.999980 -0.000000 0.000000 0.000000 0.000000 1.000000
0.999977 0.006156 -0.002873 -0.000000 -0.006133 0.999948 0.008088 14.658800 0.002923 -0.008071 0.999963 0.000000 0.000000 0.000000 0.000000 1.000000
0.999975 0.000654 -0.007078 0.000000 -0.000580 0.999946 0.010395 14.658800 0.007084 -0.010391 0.999921 -0.000000 0.000000 0.000000 0.000000 1.000000
0.999932 -0.004120 -0.010902 0.000000 0.004256 0.999913 0.012470 14.658800 0.010850 -0.012516 0.999863 0.000000 0.000000 0.000000 0.000000 1.000000
0.999872 -0.008438 -0.013597 0.000000 0.008629 0.999865 0.014006 14.658800 0.013477 -0.014122 0.999809 0.000000 0.000000 0.000000 0.000000 1.000000
0.999822 -0.011279 -0.015121 0.000000 0.011509 0.999818 0.015235 14.658800 0.014946 -0.015406 0.999770 -0.000000 0.000000 0.000000 0.000000 1.000000
0.999767 -0.014048 -0.016386 0.000000 0.014317 0.999763 0.016431 14.658800 0.016151 -0.016661 0.999731 0.000000 0.000000 0.000000 0.000000 1.000000
0.999693 -0.017096 -0.017919 -0.000000 0.017409 0.999696 0.017467 14.658800 0.017615 -0.017774 0.999687 0.000000 0.000000 0.000000 0.000000 1.000000
0.999601 -0.020178 -0.019741 -0.000000 0.020532 0.999629 0.017921 14.658800 0.019372 -0.018319 0.999645 0.000000 0.000000 0.000000 0.000000 1.000000
0.999528 -0.021893 -0.021547 0.000000 0.022274 0.999597 0.017605 14.658800 0.021153 -0.018077 0.999613 -0.000000 0.000000 0.000000 0.000000 1.000000
0.999500 -0.021480 -0.023190 0.000000 0.021870 0.999621 0.016727 14.658800 0.022822 -0.017225 0.999591 0.000000 0.000000 0.000000 0.000000 1.000000
0.999391 -0.024291 -0.025062 0.000000 0.024683 0.999576 0.015447 14.658800 0.024676 -0.016056 0.999567 0.000000 0.000000 0.000000 0.000000 1.000000
0.999250 -0.028110 -0.026640 0.000000 0.028487 0.999498 0.013883 14.658800 0.026236 -0.014631 0.999549 0.000000 0.000000 0.000000 0.000000 1.000000
0.999139 -0.031430 -0.027063 0.000000 0.031769 0.999421 0.012186 14.658800 0.026665 -0.013036 0.999559 0.000000 0.000000 0.000000 0.000000 1.000000
0.999117 -0.033266 -0.025670 0.000000 0.033542 0.999383 0.010406 14.658800 0.025308 -0.011258 0.999616 0.000000 0.000000 0.000000 0.000000 1.000000
0.999124 -0.035507 -0.022165 -0.000000 0.035703 0.999326 0.008516 14.658800 0.021848 -0.009300 0.999718 0.000000 0.000000 0.000000 0.000000 1.000000
0.999155 -0.037542 -0.016710 0.000000 0.037659 0.999268 0.006723 14.658800 0.016446 -0.007346 0.999838 0.000000 0.000000 0.000000 0.000000 1.000000
0.999258 -0.037178 -0.010056 -0.000000 0.037232 0.999293 0.005256 14.658800 0.009853 -0.005627 0.999936 0.000000 0.000000 0.000000 0.000000 1.000000
0.999452 -0.032905 -0.003648 0.000000 0.032921 0.999448 0.004375 14.658800 0.003502 -0.004493 0.999984 0.000000 0.000000 0.000000 0.000000 1.000000
0.999644 -0.026628 0.001410 0.000000 0.026621 0.999635 0.004562 14.658800 -0.001531 -0.004523 0.999989 0.000000 0.000000 0.000000 0.000000 1.000000
0.999817 -0.018561 0.004651 0.000000 0.018536 0.999814 0.005312 14.658800 -0.004749 -0.005225 0.999975 0.000000 0.000000 0.000000 0.000000 1.000000
0.999943 -0.008031 0.007059 0.000000 0.007994 0.999954 0.005325 14.658800 -0.007102 -0.005268 0.999961 0.000000 0.000000 0.000000 0.000000 1.000000
0.999956 0.001447 0.009257 0.000000 -0.001493 0.999986 0.004980 14.658800 -0.009249 -0.004994 0.999945 0.000000 0.000000 0.000000 0.000000 1.000000
0.999901 0.007760 0.011758 0.000000 -0.007812 0.999960 0.004392 14.658800 -0.011724 -0.004484 0.999921 0.000000 0.000000 0.000000 0.000000 1.000000
0.999828 0.011493 0.014553 0.000000 -0.011547 0.999927 0.003656 14.658800 -0.014510 -0.003823 0.999887 0.000000 0.000000 0.000000 0.000000 1.000000
0.999747 0.014589 0.017113 0.000000 -0.014640 0.999889 0.002846 14.658800 -0.017070 -0.003095 0.999850 0.000000 0.000000 0.000000 0.000000 1.000000
0.999682 0.016276 0.019250 0.000000 -0.016319 0.999865 0.002074 14.658800 -0.019214 -0.002387 0.999813 0.000000 0.000000 0.000000 0.000000 1.000000
0.999635 0.016983 0.021026 -0.000000 -0.017017 0.999854 0.001437 14.658800 -0.020999 -0.001794 0.999778 0.000000 0.000000 0.000000 0.000000 1.000000
0.999608 0.017357 0.021962 0.000000 -0.017384 0.999848 0.001024 14.658800 -0.021941 -0.001406 0.999758 0.000000 0.000000 0.000000 0.000000 1.000000
0.999595 0.018319 0.021769 0.000000 -0.018343 0.999831 0.000911 14.658800 -0.021748 -0.001310 0.999763 0.000000 0.000000 0.000000 0.000000 1.000000
0.999599 0.019644 0.020393 -0.000000 -0.019672 0.999806 0.001179 14.658800 -0.020366 -0.001580 0.999791 0.000000 0.000000 0.000000 0.000000 1.000000
0.999585 0.023247 0.017039 0.000000 -0.023280 0.999727 0.001738 14.658800 -0.016994 -0.002134 0.999853 0.000000 0.000000 0.000000 0.000000 1.000000
0.999622 0.025025 0.011379 0.000000 -0.025056 0.999683 0.002632 14.658800 -0.011309 -0.002916 0.999932 0.000000 0.000000 0.000000 0.000000 1.000000
0.999757 0.021627 0.004344 0.000000 -0.021644 0.999758 0.003814 14.658800 -0.004260 -0.003907 0.999983 0.000000 0.000000 0.000000 0.000000 1.000000
0.999867 0.016078 -0.002594 0.000000 -0.016064 0.999857 0.005192 14.658800 0.002678 -0.005149 0.999983 0.000000 0.000000 0.000000 0.000000 1.000000
0.999915 0.010674 -0.007456 0.000000 -0.010621 0.999918 0.007112 14.658800 0.007532 -0.007032 0.999947 0.000000 0.000000 0.000000 0.000000 1.000000
0.999922 0.006506 -0.010619 0.000000 -0.006404 0.999933 0.009616 14.658800 0.010681 -0.009547 0.999897 0.000000 0.000000 0.000000 0.000000 1.000000
0.999908 0.003292 -0.013152 0.000000 -0.003131 0.999920 0.012271 14.658800 0.013191 -0.012229 0.999838 0.000000 0.000000 0.000000 0.000000 1.000000
0.999883 0.000829 -0.015292 0.000000 -0.000604 0.999891 0.014735 14.658800 0.015303 -0.014724 0.999774 0.000000 0.000000 0.000000 0.000000 1.000000
0.999852 -0.002111 -0.017051 0.000000 0.002398 0.999856 0.016819 14.658800 0.017013 -0.016858 0.999713 0.000000 0.000000 0.000000 0.000000 1.000000
0.999810 -0.006337 -0.018414 -0.000000 0.006676 0.999809 0.018393 14.658800 0.018294 -0.018512 0.999661 0.000000 0.000000 0.000000 0.000000 1.000000
0.999740 -0.011586 -0.019655 -0.000000 0.011960 0.999747 0.019048 14.658800 0.019429 -0.019279 0.999625 0.000000 0.000000 0.000000 0.000000 1.000000
0.999629 -0.017484 -0.020874 0.000000 0.017869 0.999671 0.018374 14.658800 0.020545 -0.018740 0.999613 0.000000 0.000000 0.000000 0.000000 1.000000
0.999539 -0.020052 -0.022808 0.000000 0.020432 0.999654 0.016558 14.658800 0.022468 -0.017016 0.999603 0.000000 0.000000 0.000000 0.000000 1.000000
0.999420 -0.023559 -0.024569 0.000000 0.023911 0.999614 0.014112 14.658800 0.024228 -0.014691 0.999599 -0.000000 0.000000 0.000000 0.000000 1.000000
0.999301 -0.026837 -0.026031 0.000000 0.027145 0.999565 0.011524 14.658800 0.025710 -0.012223 0.999595 -0.000000 0.000000 0.000000 0.000000 1.000000
0.999145 -0.031192 -0.027130 0.000000 0.031444 0.999466 0.008891 14.658800 0.026838 -0.009737 0.999592 -0.000000 0.000000 0.000000 0.000000 1.000000
0.999019 -0.035109 -0.026980 0.000000 0.035297 0.999356 0.006526 14.658800 0.026734 -0.007472 0.999615 0.000000 0.000000 0.000000 0.000000 1.000000
0.998959 -0.038429 -0.024560 0.000000 0.038561 0.999244 0.004906 14.658800 0.024353 -0.005848 0.999686 0.000000 0.000000 0.000000 0.000000 1.000000
0.999096 -0.038153 -0.018760 0.000000 0.038240 0.999259 0.004291 14.658800 0.018583 -0.005004 0.999815 -0.000000 0.000000 0.000000 0.000000 1.000000
0.999301 -0.035582 -0.011432 -0.000000 0.035633 0.999356 0.004318 14.658800 0.011271 -0.004722 0.999925 0.000000 0.000000 0.000000 0.000000 1.000000
0.999486 -0.031777 -0.004196 0.000000 0.031796 0.999484 0.004570 14.658800 0.004048 -0.004701 0.999981 0.000000 0.000000 0.000000 0.000000 1.000000
0.999615 -0.027675 0.001844 0.000000 0.027665 0.999604 0.005113 14.658800 -0.001985 -0.005060 0.999985 0.000000 0.000000 0.000000 0.000000 1.000000
0.999704 -0.023496 0.006257 0.000000 0.023456 0.999704 0.006393 14.658800 -0.006405 -0.006244 0.999960 0.000000 0.000000 0.000000 0.000000 1.000000
0.999754 -0.020276 0.008959 0.000000 0.020197 0.999758 0.008771 14.658800 -0.009135 -0.008588 0.999921 -0.000000 0.000000 0.000000 0.000000 1.000000
0.999776 -0.018483 0.010317 0.000000 0.018359 0.999760 0.011984 14.658800 -0.010537 -0.011792 0.999875 0.000000 0.000000 0.000000 0.000000 1.000000
0.999803 -0.016997 0.010286 0.000000 0.016845 0.999750 0.014672 14.658800 -0.010533 -0.014496 0.999839 0.000000 0.000000 0.000000 0.000000 1.000000
0.999893 -0.011199 0.009462 0.000000 0.011054 0.999822 0.015313 14.658800 -0.009632 -0.015207 0.999838 0.000000 0.000000 0.000000 0.000000 1.000000
0.999922 -0.006364 0.010716 0.000000 0.006211 0.999880 0.014200 14.658800 -0.010805 -0.014133 0.999842 -0.000000 0.000000 0.000000 0.000000 1.000000
0.999875 -0.001970 0.015715 -0.000000 0.001771 0.999918 0.012685 14.658800 -0.015738 -0.012655 0.999796 -0.000000 0.000000 0.000000 0.000000 1.000000
0.999761 0.002062 0.021752 0.000000 -0.002301 0.999937 0.010989 14.658800 -0.021728 -0.011036 0.999703 0.000000 0.000000 0.000000 0.000000 1.000000
0.999638 0.006279 0.026179 0.000000 -0.006499 0.999944 0.008348 14.658800 -0.026126 -0.008515 0.999622 0.000000 0.000000 0.000000 0.000000 1.000000
0.999454 0.013464 0.030160 -0.000000 -0.013621 0.999895 0.005029 14.658800 -0.030089 -0.005437 0.999532 0.000000 0.000000 0.000000 0.000000 1.000000
0.999068 0.025705 0.034672 0.000000 -0.025792 0.999665 0.002068 14.658800 -0.034608 -0.002960 0.999397 0.000000 0.000000 0.000000 0.000000 1.000000
0.998945 0.031199 0.033707 0.000000 -0.031225 0.999512 0.000245 14.658800 -0.033683 -0.001298 0.999432 0.000000 0.000000 0.000000 0.000000 1.000000
0.999150 0.031727 0.026305 0.000000 -0.031725 0.999497 -0.000505 14.658800 -0.026308 -0.000330 0.999654 0.000000 0.000000 0.000000 0.000000 1.000000
0.999534 0.026110 0.015796 0.000000 -0.026109 0.999659 -0.000288 14.658800 -0.015798 -0.000125 0.999875 -0.000000 0.000000 0.000000 0.000000 1.000000
0.999768 0.020493 0.006621 0.000000 -0.020495 0.999790 0.000269 14.658800 -0.006614 -0.000404 0.999978 0.000000 0.000000 0.000000 0.000000 1.000000
0.999888 0.014932 -0.000554 0.000000 -0.014931 0.999888 0.001072 14.658800 0.000570 -0.001064 0.999999 0.000000 0.000000 0.000000 0.000000 1.000000
0.999953 0.007532 -0.006179 0.000000 -0.007516 0.999968 0.002749 14.658800 0.006199 -0.002702 0.999977 -0.000000 0.000000 0.000000 0.000000 1.000000
0.999946 -0.000341 -0.010394 0.000000 0.000397 0.999986 0.005367 14.658800 0.010392 -0.005371 0.999932 0.000000 0.000000 0.000000 0.000000 1.000000
0.999880 -0.007234 -0.013714 -0.000000 0.007343 0.999942 0.007877 14.658800 0.013656 -0.007977 0.999875 0.000000 0.000000 0.000000 0.000000 1.000000
0.999778 -0.013131 -0.016460 0.000000 0.013288 0.999867 0.009487 14.658800 0.016333 -0.009704 0.999820 0.000000 0.000000 0.000000 0.000000 1.000000
0.999661 -0.018044 -0.018746 0.000000 0.018241 0.999779 0.010414 14.658800 0.018554 -0.010752 0.999770 -0.000000 0.000000 0.000000 0.000000 1.000000
0.999553 -0.021462 -0.020815 0.000000 0.021693 0.999705 0.010937 14.658800 0.020575 -0.011383 0.999724 0.000000 0.000000 0.000000 0.000000 1.000000
0.999442 -0.024400 -0.022794 0.000000 0.024655 0.999636 0.010971 14.658800 0.022518 -0.011527 0.999680 0.000000 0.000000 0.000000 0.000000 1.000000
0.999352 -0.026368 -0.024486 -0.000000 0.026632 0.999590 0.010503 14.658800 0.024199 -0.011148 0.999645 0.000000 0.000000 0.000000 0.000000 1.000000
0.999271 -0.028185 -0.025767 0.000000 0.028441 0.999549 0.009618 14.658800 0.025484 -0.010344 0.999622 0.000000 0.000000 0.000000 0.000000 1.000000
0.999124 -0.032324 -0.026572 0.000000 0.032552 0.999437 0.008174 14.658800 0.026293 -0.009032 0.999613 -0.000000 0.000000 0.000000 0.000000 1.000000
0.999036 -0.035352 -0.026042 -0.000000 0.035521 0.999351 0.006052 14.658800 0.025811 -0.006971 0.999643 0.000000 0.000000 0.000000 0.000000 1.000000
0.999056 -0.036785 -0.023092 0.000000 0.036878 0.999313 0.003611 14.658800 0.022943 -0.004459 0.999727 0.000000 0.000000 0.000000 0.000000 1.000000
0.999190 -0.036493 -0.016941 -0.000000 0.036528 0.999331 0.001764 14.658800 0.016865 -0.002382 0.999855 -0.000000 0.000000 0.000000 0.000000 1.000000
0.999337 -0.035389 -0.008531 0.000000 0.035397 0.999373 0.000841 14.658800 0.008496 -0.001142 0.999963 0.000000 0.000000 0.000000 0.000000 1.000000
0.999375 -0.035291 -0.001923 0.000000 0.035292 0.999377 0.000024 14.658800 0.001921 -0.000092 0.999998 -0.000000 0.000000 0.000000 0.000000 1.000000</float_array>
        <technique_common>
          <accessor source="#mixamorig_Spine-Matrix-animation-output-transform-array" count="102" stride="16">
            <param type="float4x4"/>
          </accessor>
        </technique_common>
      </source>
      <source id="mixamorig_Spine-Interpolations">
        <Name_array id="mixamorig_Spine-Interpolations-array" count="102">
 LINEAR LINEAR LINEAR LINEAR LINEAR LINEAR LINEAR LINEAR LINEAR LINEAR LINEAR
LINEAR LINEAR LINEAR LINEAR LINEAR LINEAR LINEAR LINEAR LINEAR LINEAR LINEAR LINEAR
LINEAR LINEAR LINEAR LINEAR LINEAR LINEAR LINEAR LINEAR LINEAR LINEAR LINEAR LINEAR
LINEAR LINEAR LINEAR LINEAR LINEAR LINEAR LINEAR LINEAR LINEAR LINEAR LINEAR LINEAR
LINEAR LINEAR LINEAR LINEAR LINEAR LINEAR LINEAR LINEAR LINEAR LINEAR LINEAR LINEAR
LINEAR LINEAR LINEAR LINEAR LINEAR LINEAR LINEAR LINEAR LINEAR LINEAR LINEAR LINEAR
LINEAR LINEAR LINEAR LINEAR LINEAR LINEAR LINEAR LINEAR LINEAR LINEAR LINEAR LINEAR
LINEAR LINEAR LINEAR LINEAR LINEAR LINEAR LINEAR LINEAR LINEAR LINEAR LINEAR LINEAR
LINEAR LINEAR LINEAR LINEAR LINEAR LINEAR LINEAR</Name_array>
        <technique_common>
          <accessor source="#mixamorig_Spine-Interpolations-array" count="102">
            <param type="name"/>
          </accessor>
        </technique_common>
      </source>
      <sampler id="mixamorig_Spine-Matrix-animation-transform">
        <input semantic="INPUT" source="#mixamorig_Spine-Matrix-animation-input"/>
        <input semantic="OUTPUT" source="#mixamorig_Spine-Matrix-animation-output-transform"/>
        <input semantic="INTERPOLATION" source="#mixamorig_Spine-Interpolations"/>
      </sampler>
      <channel source="#mixamorig_Spine-Matrix-animation-transform" target="mixamorig_Spine/matrix"/>
    </animation>
    <animation id="mixamorig_Spine1-anim" name="mixamorig_Spine1">
      <source id="mixamorig_Spine1-Matrix-animation-input">
        <float_array id="mixamorig_Spine1-Matrix-animation-input-array" count="102">

0.000000 0.033333 0.066667 0.100000 0.133333 0.166667 0.200000 0.233333 0.266667 0.300000 0.333333 0.366667 0.400000 0.433333 0.466667 0.500000
0.533333 0.566667 0.600000 0.633333 0.666667 0.700000 0.733333 0.766667 0.800000 0.833333 0.866667 0.900000 0.933333 0.966667 1.000000 1.033333
1.066667 1.100000 1.133333 1.166667 1.200000 1.233333 1.266667 1.300000 1.333333 1.366667 1.400000 1.433333 1.466667 1.500000 1.533333 1.566667
1.600000 1.633333 1.666667 1.700000 1.733333 1.766667 1.800000 1.833333 1.866667 1.900000 1.933333 1.966667 2.000000 2.033333 2.066667 2.100000
2.133333 2.166667 2.200000 2.233333 2.266667 2.300000 2.333333 2.366667 2.400000 2.433333 2.466667 2.500000 2.533333 2.566667 2.600000 2.633333
2.666667 2.700000 2.733333 2.766667 2.800000 2.833333 2.866667 2.900000 2.933333 2.966667 3.000000 3.033333 3.066667 3.100000 3.133333 3.166667
3.200000 3.233333 3.266667 3.300000 3.333333 3.366667</float_array>
        <technique_common>
          <accessor source="#mixamorig_Spine1-Matrix-animation-input-array" count="102">
            <param name="TIME" type="float"/>
          </accessor>
        </technique_common>
      </source>
      <source id="mixamorig_Spine1-Matrix-animation-output-transform">
        <float_array id="mixamorig_Spine1-Matrix-animation-output-transform-array" count="1632">

0.999539 -0.030294 0.002048 0.000000 0.030362 0.996717 -0.075055 10.372600 0.000232 0.075083 0.997177 0.000000 0.000000 0.000000 0.000000 1.000000
0.999674 -0.023645 0.009635 0.000000 0.024297 0.996938 -0.074332 10.372600 -0.007848 0.074542 0.997187 0.000000 0.000000 0.000000 0.000000 1.000000
0.999690 -0.018143 0.017045 0.000000 0.019356 0.997074 -0.073955 10.372600 -0.015654 0.074262 0.997116 -0.000000 0.000000 0.000000 0.000000 1.000000
0.999633 -0.014692 0.022768 0.000000 0.016313 0.997218 -0.072733 10.372600 -0.021636 0.073078 0.997092 0.000000 0.000000 0.000000 0.000000 1.000000
0.999561 -0.013689 0.026269 0.000000 0.015461 0.997532 -0.068486 10.372600 -0.025266 0.068862 0.997306 0.000000 0.000000 0.000000 0.000000 1.000000
0.999500 -0.014809 0.027944 -0.000000 0.016483 0.998023 -0.060651 10.372600 -0.026991 0.061082 0.997768 0.000000 0.000000 0.000000 0.000000 1.000000
