<?xml version="1.0" encoding="utf-8"?>
<COLLADA xmlns="http://www.collada.org/2005/11/COLLADASchema" version="1.4.1">
  <asset>
    <contributor>
      <author>Mixamo</author>
      <authoring_tool>COLLADA Mixamo exporter</authoring_tool>
      <comments/>
    </contributor>
    <created>2025-06-09T23:32:16Z</created>
    <modified>2025-06-09T23:32:16Z</modified>
    <revision/>
    <title/>
    <unit meter="0.010000"/>
    <up_axis>Y_UP</up_axis>
  </asset>
  <library_animations>
    <animation id="mixamorig_Hips-anim" name="mixamorig_Hips">
      <source id="mixamorig_Hips-Matrix-animation-input">
        <float_array id="mixamorig_Hips-Matrix-animation-input-array" count="22">

0.000000 0.033333 0.066667 0.100000 0.133333 0.166667 0.200000 0.233333 0.266667 0.300000 0.333333 0.366667 0.400000 0.433333 0.466667 0.500000
0.533333 0.566667 0.600000 0.633333 0.666667 0.700000</float_array>
        <technique_common>
          <accessor source="#mixamorig_Hips-Matrix-animation-input-array" count="22">
            <param name="TIME" type="float"/>
          </accessor>
        </technique_common>
      </source>
      <source id="mixamorig_Hips-Matrix-animation-output-transform">
        <float_array id="mixamorig_Hips-Matrix-animation-output-transform-array" count="352">

0.997234 0.053876 0.051202 0.013669 -0.048854 0.994304 -0.094726 8.371848 -0.056014 0.091963 0.994186 0.120370 0.000000 0.000000 0.000000 1.000000
0.998602 0.033128 0.041179 0.051175 -0.029126 0.995123 -0.094241 8.546453 -0.044100 0.092910 0.994697 0.238975 0.000000 0.000000 0.000000 1.000000
0.998209 0.016173 0.057593 0.073482 -0.011041 0.996029 -0.088340 8.804152 -0.058793 0.087546 0.994424 0.342330 0.000000 0.000000 0.000000 1.000000
0.995203 -0.002992 0.097787 0.097577 0.011748 0.995954 -0.089093 9.004136 -0.097125 0.089814 0.991212 0.520000 0.000000 0.000000 0.000000 1.000000
0.994365 -0.002576 0.105976 0.103719 0.012519 0.995563 -0.093259 9.011194 -0.105266 0.094060 0.989986 0.684673 0.000000 0.000000 0.000000 1.000000
0.997029 0.005373 0.076835 0.128865 0.000058 0.997511 -0.070509 8.990957 -0.077023 0.070304 0.994548 0.740000 0.000000 0.000000 0.000000 1.000000
0.996268 0.004440 0.086196 0.138050 -0.000147 0.998761 -0.049756 8.922667 -0.086310 0.049558 0.995035 0.773449 0.000000 0.000000 0.000000 1.000000
0.992830 0.002662 0.119504 0.134860 0.002241 0.999162 -0.040869 8.791569 -0.119513 0.040844 0.991992 0.711530 0.000000 0.000000 0.000000 1.000000
0.992887 -0.002831 0.119029 0.105807 0.007351 0.999268 -0.037553 8.542205 -0.118836 0.038161 0.992180 0.552588 0.000000 0.000000 0.000000 1.000000
0.994681 -0.001725 0.102988 0.081282 0.007464 0.998438 -0.055366 8.300341 -0.102732 0.055840 0.993140 0.366782 0.000000 0.000000 0.000000 1.000000
0.995409 0.003119 0.095658 0.041101 0.003074 0.997912 -0.064515 8.265808 -0.095660 0.064513 0.993321 0.203079 0.000000 0.000000 0.000000 1.000000
0.994808 0.034923 0.095586 0.037427 -0.028117 0.997034 -0.071646 8.423077 -0.097804 0.068587 0.992839 0.169067 0.000000 0.000000 0.000000 1.000000
0.996126 0.064999 0.059235 0.036555 -0.059511 0.994151 -0.090129 8.645602 -0.064746 0.086255 0.994167 0.233327 0.000000 0.000000 0.000000 1.000000
0.996572 0.082717 -0.001640 0.025984 -0.082281 0.988860 -0.124040 8.830893 -0.008638 0.123750 0.992276 0.302197 0.000000 0.000000 0.000000 1.000000
0.997053 0.075435 -0.013982 0.033990 -0.076684 0.985455 -0.151652 8.903458 0.002339 0.152278 0.988335 0.304989 0.000000 0.000000 0.000000 1.000000
0.998118 0.060189 -0.011731 0.037158 -0.061214 0.989303 -0.132411 8.866105 0.003636 0.132880 0.991125 0.368013 0.000000 0.000000 0.000000 1.000000
0.998578 0.050909 -0.015821 0.030935 -0.052364 0.992336 -0.111926 8.781656 0.010002 0.112595 0.993591 0.433391 0.000000 0.000000 0.000000 1.000000
0.998798 0.048958 -0.002317 0.024419 -0.048915 0.992703 -0.110215 8.631454 -0.003095 0.110195 0.993905 0.382923 0.000000 0.000000 0.000000 1.000000
0.998863 0.042675 0.021238 0.010624 -0.040135 0.993309 -0.108285 8.477253 -0.025717 0.107309 0.993893 0.337068 0.000000 0.000000 0.000000 1.000000
0.996757 0.064450 0.048178 -0.010680 -0.058773 0.992062 -0.111170 8.286407 -0.054960 0.107978 0.992633 0.186243 0.000000 0.000000 0.000000 1.000000
0.993498 0.088366 0.071780 -0.020675 -0.080938 0.991638 -0.100516 8.214074 -0.080062 0.094053 0.992343 0.092143 0.000000 0.000000 0.000000 1.000000
0.997234 0.053876 0.051202 0.013669 -0.048854 0.994304 -0.094726 8.371848 -0.056014 0.091963 0.994186 0.120370 0.000000 0.000000 0.000000 1.000000</float_array>
        <technique_common>
          <accessor source="#mixamorig_Hips-Matrix-animation-output-transform-array" count="22" stride="16">
            <param type="float4x4"/>
          </accessor>
        </technique_common>
      </source>
      <source id="mixamorig_Hips-Interpolations">
        <Name_array id="mixamorig_Hips-Interpolations-array" count="22">
 LINEAR LINEAR LINEAR LINEAR LINEAR LINEAR LINEAR LINEAR LINEAR LINEAR LINEAR
LINEAR LINEAR LINEAR LINEAR LINEAR LINEAR LINEAR LINEAR LINEAR LINEAR LINEAR</Name_array>
        <technique_common>
          <accessor source="#mixamorig_Hips-Interpolations-array" count="22">
            <param type="name"/>
          </accessor>
        </technique_common>
      </source>
      <sampler id="mixamorig_Hips-Matrix-animation-transform">
        <input semantic="INPUT" source="#mixamorig_Hips-Matrix-animation-input"/>
        <input semantic="OUTPUT" source="#mixamorig_Hips-Matrix-animation-output-transform"/>
        <input semantic="INTERPOLATION" source="#mixamorig_Hips-Interpolations"/>
      </sampler>
      <channel source="#mixamorig_Hips-Matrix-animation-transform" target="mixamorig_Hips/matrix"/>
    </animation>
    <animation id="mixamorig_Spine-anim" name="mixamorig_Spine">
      <source id="mixamorig_Spine-Matrix-animation-input">
        <float_array id="mixamorig_Spine-Matrix-animation-input-array" count="22">

0.000000 0.033333 0.066667 0.100000 0.133333 0.166667 0.200000 0.233333 0.266667 0.300000 0.333333 0.366667 0.400000 0.433333 0.466667 0.500000
0.533333 0.566667 0.600000 0.633333 0.666667 0.700000</float_array>
        <technique_common>
          <accessor source="#mixamorig_Spine-Matrix-animation-input-array" count="22">
            <param name="TIME" type="float"/>
          </accessor>
        </technique_common>
      </source>
      <source id="mixamorig_Spine-Matrix-animation-output-transform">
        <float_array id="mixamorig_Spine-Matrix-animation-output-transform-array" count="352">

0.999405 -0.027701 0.020551 0.000000 0.027463 0.999553 0.011804 1.017500 -0.020869 -0.011233 0.999719 -0.099900 0.000000 0.000000 0.000000 1.000000
0.998911 -0.020159 0.042078 0.000000 0.019372 0.999631 0.019028 1.017500 -0.042446 -0.018192 0.998933 -0.099900 0.000000 0.000000 0.000000 1.000000
0.998116 -0.010270 0.060482 0.000000 0.008647 0.999597 0.027035 1.017500 -0.060736 -0.026461 0.997803 -0.099900 0.000000 0.000000 0.000000 1.000000
0.997525 -0.000549 0.070309 -0.000000 -0.002121 0.999279 0.037907 1.017500 -0.070279 -0.037962 0.996805 -0.099900 0.000000 0.000000 0.000000 1.000000
0.997104 0.005152 0.075872 -0.000000 -0.008816 0.998806 0.048043 1.017500 -0.075534 -0.048573 0.995959 -0.099900 0.000000 0.000000 0.000000 1.000000
0.997166 0.005634 0.075024 0.000000 -0.009123 0.998888 0.046246 1.017500 -0.074680 -0.046799 0.996109 -0.099900 0.000000 0.000000 0.000000 1.000000
0.997651 0.007063 0.068130 0.000000 -0.009782 0.999166 0.039652 1.017500 -0.067793 -0.040226 0.996888 -0.099900 0.000000 0.000000 0.000000 1.000000
0.998195 0.007721 0.059561 0.000000 -0.009546 0.999492 0.030418 1.017500 -0.059296 -0.030932 0.997761 -0.099900 0.000000 0.000000 0.000000 1.000000
0.998600 0.012309 0.051449 0.000000 -0.013269 0.999744 0.018345 1.017500 -0.051210 -0.019002 0.998507 -0.099900 0.000000 0.000000 0.000000 1.000000
0.999433 0.014337 0.030475 -0.000000 -0.014657 0.999840 0.010293 1.017500 -0.030323 -0.010734 0.999483 -0.099900 0.000000 0.000000 0.000000 1.000000
0.999910 0.013426 -0.000642 0.000000 -0.013424 0.999903 0.003712 1.017500 0.000691 -0.003703 0.999993 -0.099900 0.000000 0.000000 0.000000 1.000000
0.999561 0.002481 -0.029529 -0.000000 -0.002410 0.999994 0.002453 1.017500 0.029535 -0.002381 0.999561 -0.099900 0.000000 0.000000 0.000000 1.000000
0.998622 -0.014148 -0.050534 0.000000 0.014681 0.999840 0.010199 1.017500 0.050382 -0.010927 0.998670 -0.099900 0.000000 0.000000 0.000000 1.000000
0.997468 -0.024026 -0.066936 0.000000 0.025431 0.999472 0.020211 1.017500 0.066415 -0.021862 0.997553 -0.099900 0.000000 0.000000 0.000000 1.000000
0.996528 -0.029674 -0.077791 0.000000 0.031760 0.999165 0.025719 1.017500 0.076963 -0.028101 0.996638 -0.099900 0.000000 0.000000 0.000000 1.000000
0.996463 -0.029726 -0.078603 -0.000000 0.031368 0.999313 0.019741 1.017500 0.077962 -0.022137 0.996710 -0.099900 0.000000 0.000000 0.000000 1.000000
0.997191 -0.029655 -0.068786 0.000000 0.030814 0.999399 0.015852 1.017500 0.068274 -0.017927 0.997506 -0.099900 0.000000 0.000000 0.000000 1.000000
0.997449 -0.030698 -0.064438 0.000000 0.031668 0.999399 0.014082 1.017500 0.063967 -0.016087 0.997822 -0.099900 0.000000 0.000000 0.000000 1.000000
0.997979 -0.031105 -0.055416 -0.000000 0.031768 0.999433 0.011122 1.017500 0.055038 -0.012860 0.998401 -0.099900 0.000000 0.000000 0.000000 1.000000
0.998665 -0.036713 -0.036341 0.000000 0.036965 0.999297 0.006291 1.017500 0.036084 -0.007626 0.999320 -0.099900 0.000000 0.000000 0.000000 1.000000
0.998929 -0.043656 -0.015349 -0.000000 0.043738 0.999030 0.005083 1.017500 0.015112 -0.005749 0.999869 -0.099900 0.000000 0.000000 0.000000 1.000000
0.999405 -0.027701 0.020551 0.000000 0.027463 0.999553 0.011804 1.017500 -0.020869 -0.011233 0.999719 -0.099900 0.000000 0.000000 0.000000 1.000000</float_array>
        <technique_common>
          <accessor source="#mixamorig_Spine-Matrix-animation-output-transform-array" count="22" stride="16">
            <param type="float4x4"/>
          </accessor>
        </technique_common>
      </source>
      <source id="mixamorig_Spine-Interpolations">
        <Name_array id="mixamorig_Spine-Interpolations-array" count="22">
 LINEAR LINEAR LINEAR LINEAR LINEAR LINEAR LINEAR LINEAR LINEAR LINEAR LINEAR
LINEAR LINEAR LINEAR LINEAR LINEAR LINEAR LINEAR LINEAR LINEAR LINEAR LINEAR</Name_array>
        <technique_common>
          <accessor source="#mixamorig_Spine-Interpolations-array" count="22">
            <param type="name"/>
          </accessor>
        </technique_common>
      </source>
      <sampler id="mixamorig_Spine-Matrix-animation-transform">
        <input semantic="INPUT" source="#mixamorig_Spine-Matrix-animation-input"/>
        <input semantic="OUTPUT" source="#mixamorig_Spine-Matrix-animation-output-transform"/>
        <input semantic="INTERPOLATION" source="#mixamorig_Spine-Interpolations"/>
      </sampler>
      <channel source="#mixamorig_Spine-Matrix-animation-transform" target="mixamorig_Spine/matrix"/>
    </animation>
    <animation id="mixamorig_Spine1-anim" name="mixamorig_Spine1">
      <source id="mixamorig_Spine1-Matrix-animation-input">
        <float_array id="mixamorig_Spine1-Matrix-animation-input-array" count="22">

0.000000 0.033333 0.066667 0.100000 0.133333 0.166667 0.200000 0.233333 0.266667 0.300000 0.333333 0.366667 0.400000 0.433333 0.466667 0.500000
0.533333 0.566667 0.600000 0.633333 0.666667 0.700000</float_array>
        <technique_common>
          <accessor source="#mixamorig_Spine1-Matrix-animation-input-array" count="22">
            <param name="TIME" type="float"/>
          </accessor>
        </technique_common>
      </source>
      <source id="mixamorig_Spine1-Matrix-animation-output-transform">
        <float_array id="mixamorig_Spine1-Matrix-animation-output-transform-array" count="352">

0.998355 -0.034646 0.045688 0.000000 0.041985 0.984384 -0.170956 1.192800 -0.039051 0.172593 0.984219 0.000000 0.000000 0.000000 0.000000 1.000000
0.995990 -0.021997 0.086724 0.000000 0.035430 0.987035 -0.156547 1.192800 -0.082156 0.158992 0.983856 0.000000 0.000000 0.000000 0.000000 1.000000
0.992362 -0.008708 0.123050 0.000000 0.026092 0.989754 -0.140379 1.192800 -0.120567 0.142517 0.982422 -0.000000 0.000000 0.000000 0.000000 1.000000
0.989283 0.008425 0.145766 0.000000 0.009090 0.992843 -0.119083 1.192800 -0.145726 0.119132 0.982126 -0.000000 0.000000 0.000000 0.000000 1.000000
0.986450 0.019746 0.162869 -0.000000 -0.003516 0.995047 -0.099343 1.192800 -0.164024 0.097424 0.981634 -0.000000 0.000000 0.000000 0.000000 1.000000
0.985806 0.020754 0.166598 -0.000000 -0.003551 0.994685 -0.102903 1.192800 -0.167848 0.100851 0.980641 0.000000 0.000000 0.000000 0.000000 1.000000
0.987959 0.022343 0.153092 0.000000 -0.004485 0.993237 -0.116016 1.192800 -0.154649 0.113932 0.981378 -0.000000 0.000000 0.000000 0.000000 1.000000
0.990749 0.024643 0.133448 0.000000 -0.006526 0.990888 -0.134529 1.192800 -0.135548 0.132414 0.981883 0.000000 0.000000 0.000000 0.000000 1.000000
0.993339 0.032792 0.110467 -0.000000 -0.014946 0.987221 -0.158652 1.192800 -0.114258 0.155944 0.981135 0.000000 0.000000 0.000000 0.000000 1.000000
0.997490 0.034118 0.062038 -0.000000 -0.022813 0.984382 -0.174563 1.192800 -0.067024 0.172710 0.982690 0.000000 0.000000 0.000000 0.000000 1.000000
0.999645 0.026514 -0.002447 0.000000 -0.026504 0.981969 -0.187177 1.192800 -0.002560 0.187175 0.982323 -0.000000 0.000000 0.000000 0.000000 1.000000
0.998241 0.002139 -0.059249 0.000000 -0.013344 0.981814 -0.189378 1.192800 0.057766 0.189836 0.980115 0.000000 0.000000 0.000000 0.000000 1.000000
0.994546 -0.029108 -0.100160 -0.000000 0.011269 0.984636 -0.174257 1.192800 0.103693 0.172178 0.979593 0.000000 0.000000 0.000000 0.000000 1.000000
0.989479 -0.049518 -0.135935 0.000000 0.028139 0.987528 -0.154909 1.192800 0.141911 0.149454 0.978532 0.000000 0.000000 0.000000 0.000000 1.000000
0.985021 -0.062722 -0.160624 0.000000 0.039383 0.988711 -0.144565 1.192800 0.167878 0.136074 0.976371 -0.000000 0.000000 0.000000 0.000000 1.000000
0.983948 -0.064243 -0.166491 0.000000 0.037975 0.986962 -0.156410 1.192800 0.174368 0.147576 0.973559 0.000000 0.000000 0.000000 0.000000 1.000000
0.986555 -0.063720 -0.150495 -0.000000 0.038633 0.985689 -0.164089 1.192800 0.158797 0.156069 0.974898 -0.000000 0.000000 0.000000 0.000000 1.000000
0.988146 -0.065444 -0.138866 -0.000000 0.041673 0.984965 -0.167655 1.192800 0.147750 0.159880 0.976016 0.000000 0.000000 0.000000 0.000000 1.000000
0.991318 -0.064034 -0.114840 -0.000000 0.043473 0.983900 -0.173350 1.192800 0.124091 0.166852 0.978142 -0.000000 0.000000 0.000000 0.000000 1.000000
0.995337 -0.067107 -0.069285 0.000000 0.053486 0.981748 -0.182509 1.192800 0.080268 0.177953 0.980760 0.000000 0.000000 0.000000 0.000000 1.000000
0.997375 -0.068611 -0.023130 0.000000 0.063196 0.980820 -0.184389 1.192800 0.035337 0.182443 0.982581 0.000000 0.000000 0.000000 0.000000 1.000000
0.998355 -0.034646 0.045688 0.000000 0.041985 0.984384 -0.170956 1.192800 -0.039051 0.172593 0.984219 0.000000 0.000000 0.000000 0.000000 1.000000</float_array>
        <technique_common>
          <accessor source="#mixamorig_Spine1-Matrix-animation-output-transform-array" count="22" stride="16">
            <param type="float4x4"/>
          </accessor>
        </technique_common>
      </source>
      <source id="mixamorig_Spine1-Interpolations">
        <Name_array id="mixamorig_Spine1-Interpolations-array" count="22">
 LINEAR LINEAR LINEAR LINEAR LINEAR LINEAR LINEAR LINEAR LINEAR LINEAR LINEAR
LINEAR LINEAR LINEAR LINEAR LINEAR LINEAR LINEAR LINEAR LINEAR LINEAR LINEAR</Name_array>
        <technique_common>
          <accessor source="#mixamorig_Spine1-Interpolations-array" count="22">
            <param type="name"/>
          </accessor>
        </technique_common>
      </source>
      <sampler id="mixamorig_Spine1-Matrix-animation-transform">
        <input semantic="INPUT" source="#mixamorig_Spine1-Matrix-animation-input"/>
        <input semantic="OUTPUT" source="#mixamorig_Spine1-Matrix-animation-output-transform"/>
        <input semantic="INTERPOLATION" source="#mixamorig_Spine1-Interpolations"/>
      </sampler>
      <channel source="#mixamorig_Spine1-Matrix-animation-transform" target="mixamorig_Spine1/matrix"/>
    </animation>
    <animation id="mixamorig_Spine2-anim" name="mixamorig_Spine2">
      <source id="mixamorig_Spine2-Matrix-animation-input">
        <float_array id="mixamorig_Spine2-Matrix-animation-input-array" count="22">

0.000000 0.033333 0.066667 0.100000 0.133333 0.166667 0.200000 0.233333 0.266667 0.300000 0.333333 0.366667 0.400000 0.433333 0.466667 0.500000
0.533333 0.566667 0.600000 0.633333 0.666667 0.700000</float_array>
        <technique_common>
          <accessor source="#mixamorig_Spine2-Matrix-animation-input-array" count="22">
            <param name="TIME" type="float"/>
          </accessor>
        </technique_common>
      </source>
      <source id="mixamorig_Spine2-Matrix-animation-output-transform">
        <float_array id="mixamorig_Spine2-Matrix-animation-output-transform-array" count="352">

0.998355 -0.034646 0.045688 0.000000 0.041985 0.984384 -0.170956 1.363200 -0.039051 0.172593 0.984219 0.000000 0.000000 0.000000 0.000000 1.000000
0.995990 -0.021997 0.086724 0.000000 0.035430 0.987035 -0.156547 1.363200 -0.082156 0.158991 0.983856 0.000000 0.000000 0.000000 0.000000 1.000000
0.992362 -0.008708 0.123050 0.000000 0.026092 0.989754 -0.140379 1.363200 -0.120567 0.142517 0.982422 0.000000 0.000000 0.000000 0.000000 1.000000
0.989283 0.008425 0.145766 0.000000 0.009090 0.992843 -0.119083 1.363200 -0.145726 0.119132 0.982126 0.000000 0.000000 0.000000 0.000000 1.000000
0.986450 0.019746 0.162869 0.000000 -0.003516 0.995047 -0.099343 1.363200 -0.164024 0.097424 0.981634 -0.000000 0.000000 0.000000 0.000000 1.000000
0.985806 0.020754 0.166598 0.000000 -0.003551 0.994685 -0.102903 1.363200 -0.167848 0.100851 0.980641 0.000000 0.000000 0.000000 0.000000 1.000000
0.987959 0.022343 0.153092 -0.000000 -0.004485 0.993237 -0.116016 1.363200 -0.154649 0.113932 0.981378 -0.000000 0.000000 0.000000 0.000000 1.000000
0.990749 0.024643 0.133448 -0.000000 -0.006526 0.990888 -0.134529 1.363200 -0.135547 0.132414 0.981883 0.000000 0.000000 0.000000 0.000000 1.000000
0.993339 0.032792 0.110467 0.000000 -0.014946 0.987221 -0.158652 1.363200 -0.114258 0.155944 0.981135 -0.000000 0.000000 0.000000 0.000000 1.000000
0.997490 0.034118 0.062038 0.000000 -0.022813 0.984382 -0.174563 1.363200 -0.067025 0.172710 0.982690 0.000000 0.000000 0.000000 0.000000 1.000000
0.999645 0.026514 -0.002447 0.000000 -0.026504 0.981969 -0.187177 1.363200 -0.002560 0.187175 0.982323 0.000000 0.000000 0.000000 0.000000 1.000000
0.998241 0.002139 -0.059249 -0.000000 -0.013344 0.981813 -0.189379 1.363200 0.057766 0.189836 0.980115 0.000000 0.000000 0.000000 0.000000 1.000000
0.994546 -0.029108 -0.100160 0.000000 0.011269 0.984636 -0.174257 1.363200 0.103693 0.172178 0.979593 0.000000 0.000000 0.000000 0.000000 1.000000
0.989479 -0.049518 -0.135935 -0.000000 0.028139 0.987528 -0.154909 1.363200 0.141911 0.149454 0.978532 0.000000 0.000000 0.000000 0.000000 1.000000
0.985021 -0.062722 -0.160624 0.000000 0.039383 0.988711 -0.144565 1.363200 0.167878 0.136074 0.976371 0.000000 0.000000 0.000000 0.000000 1.000000
0.983948 -0.064243 -0.166491 0.000000 0.037975 0.986962 -0.156410 1.363200 0.174368 0.147576 0.973559 0.000000 0.000000 0.000000 0.000000 1.000000
0.986555 -0.063720 -0.150495 0.000000 0.038633 0.985689 -0.164089 1.363200 0.158797 0.156069 0.974898 0.000000 0.000000 0.000000 0.000000 1.000000
0.988146 -0.065444 -0.138866 0.000000 0.041673 0.984965 -0.167655 1.363200 0.147750 0.159881 0.976016 0.000000 0.000000 0.000000 0.000000 1.000000
0.991318 -0.064034 -0.114840 0.000000 0.043473 0.983900 -0.173350 1.363200 0.124091 0.166852 0.978142 -0.000000 0.000000 0.000000 0.000000 1.000000
0.995337 -0.067106 -0.069285 0.000000 0.053486 0.981748 -0.182509 1.363200 0.080268 0.177952 0.980760 -0.000000 0.000000 0.000000 0.000000 1.000000
0.997375 -0.068611 -0.023130 -0.000000 0.063196 0.980820 -0.184389 1.363200 0.035337 0.182443 0.982581 -0.000000 0.000000 0.000000 0.000000 1.000000
0.998355 -0.034646 0.045688 0.000000 0.041985 0.984384 -0.170956 1.363200 -0.039051 0.172593 0.984219 0.000000 0.000000 0.000000 0.000000 1.000000</float_array>
        <technique_common>
          <accessor source="#mixamorig_Spine2-Matrix-animation-output-transform-array" count="22" stride="16">
            <param type="float4x4"/>
          </accessor>
        </technique_common>
      </source>
      <source id="mixamorig_Spine2-Interpolations">
        <Name_array id="mixamorig_Spine2-Interpolations-array" count="22">
 LINEAR LINEAR LINEAR LINEAR LINEAR LINEAR LINEAR LINEAR LINEAR LINEAR LINEAR
LINEAR LINEAR LINEAR LINEAR LINEAR LINEAR LINEAR LINEAR LINEAR LINEAR LINEAR</Name_array>
        <technique_common>
          <accessor source="#mixamorig_Spine2-Interpolations-array" count="22">
            <param type="name"/>
          </accessor>
        </technique_common>
      </source>
      <sampler id="mixamorig_Spine2-Matrix-animation-transform">
        <input semantic="INPUT" source="#mixamorig_Spine2-Matrix-animation-input"/>
        <input semantic="OUTPUT" source="#mixamorig_Spine2-Matrix-animation-output-transform"/>
        <input semantic="INTERPOLATION" source="#mixamorig_Spine2-Interpolations"/>
      </sampler>
      <channel source="#mixamorig_Spine2-Matrix-animation-transform" target="mixamorig_Spine2/matrix"/>
    </animation>
    <animation id="mixamorig_Neck-anim" name="mixamorig_Neck">
      <source id="mixamorig_Neck-Matrix-animation-input">
        <float_array id="mixamorig_Neck-Matrix-animation-input-array" count="22">

0.000000 0.033333 0.066667 0.100000 0.133333 0.166667 0.200000 0.233333 0.266667 0.300000 0.333333 0.366667 0.400000 0.433333 0.466667 0.500000
0.533333 0.566667 0.600000 0.633333 0.666667 0.700000</float_array>
        <technique_common>
          <accessor source="#mixamorig_Neck-Matrix-animation-input-array" count="22">
            <param name="TIME" type="float"/>
          </accessor>
        </technique_common>
      </source>
      <source id="mixamorig_Neck-Matrix-animation-output-transform">
        <float_array id="mixamorig_Neck-Matrix-animation-output-transform-array" count="352">

0.998465 0.007577 -0.054863 -0.000000 -0.005775 0.999441 0.032922 1.533600 0.055081 -0.032555 0.997951 0.000000 0.000000 0.000000 0.000000 1.000000
0.996896 0.019106 -0.076371 0.000000 -0.016433 0.999235 0.035474 1.533600 0.076991 -0.034109 0.996448 0.000000 0.000000 0.000000 0.000000 1.000000
0.994094 0.009508 -0.108101 -0.000000 -0.007627 0.999812 0.017804 1.533600 0.108250 -0.016874 0.993980 0.000000 0.000000 0.000000 0.000000 1.000000
0.991785 0.010401 -0.127490 -0.000000 -0.010527 0.999945 -0.000318 1.533600 0.127479 0.001658 0.991840 -0.000000 0.000000 0.000000 0.000000 1.000000
0.989549 -0.007671 -0.143994 -0.000000 0.001214 0.998992 -0.044876 1.533600 0.144194 0.044232 0.988560 0.000000 0.000000 0.000000 0.000000 1.000000
0.989677 -0.025513 -0.141025 0.000000 0.015171 0.997148 -0.073928 1.533600 0.142509 0.071026 0.987242 -0.000000 0.000000 0.000000 0.000000 1.000000
0.991887 -0.007040 -0.126924 0.000000 -0.001051 0.997977 -0.063566 1.533600 0.127115 0.063184 0.989874 0.000000 0.000000 0.000000 0.000000 1.000000
0.992798 -0.005584 -0.119669 0.000000 -0.000718 0.998618 -0.052553 1.533600 0.119797 0.052260 0.991422 0.000000 0.000000 0.000000 0.000000 1.000000
0.993754 -0.023328 -0.109128 -0.000000 0.021742 0.999640 -0.015697 1.533600 0.109455 0.013226 0.993904 -0.000000 0.000000 0.000000 0.000000 1.000000
0.996500 -0.027115 -0.079078 0.000000 0.027843 0.999579 0.008124 1.533600 0.078824 -0.010298 0.996835 -0.000000 0.000000 0.000000 0.000000 1.000000
0.999161 -0.012875 -0.038886 0.000000 0.013538 0.999767 0.016836 1.533600 0.038660 -0.017348 0.999102 -0.000000 0.000000 0.000000 0.000000 1.000000
0.999112 -0.036681 -0.020743 0.000000 0.037602 0.998237 0.045920 1.533600 0.019023 -0.046659 0.998730 -0.000000 0.000000 0.000000 0.000000 1.000000
0.999287 0.021230 0.031229 -0.000000 -0.022220 0.999249 0.031734 1.533600 -0.030532 -0.032406 0.999008 -0.000000 0.000000 0.000000 0.000000 1.000000
0.997906 0.004524 0.064527 0.000000 -0.008237 0.998318 0.057392 1.533600 -0.064159 -0.057804 0.996264 0.000000 0.000000 0.000000 0.000000 1.000000
0.996213 0.005410 0.086781 0.000000 -0.011931 0.997127 0.074803 1.533600 -0.086127 -0.075555 0.993415 0.000000 0.000000 0.000000 0.000000 1.000000
0.995232 0.013044 0.096661 -0.000000 -0.021093 0.996349 0.082725 1.533600 -0.095229 -0.084369 0.991874 0.000000 0.000000 0.000000 0.000000 1.000000
0.995988 0.021531 0.086859 0.000000 -0.026747 0.997879 0.059341 1.533600 -0.085397 -0.061426 0.994452 0.000000 0.000000 0.000000 0.000000 1.000000
0.996209 0.031453 0.081110 -0.000000 -0.035430 0.998215 0.048071 1.533600 -0.079454 -0.050762 0.995545 0.000000 0.000000 0.000000 0.000000 1.000000
0.995684 0.055416 0.074446 0.000000 -0.059669 0.996636 0.056177 1.533600 -0.071083 -0.060377 0.995641 0.000000 0.000000 0.000000 0.000000 1.000000
0.998210 0.047049 0.036931 0.000000 -0.049386 0.996651 0.065171 1.533600 -0.033741 -0.066878 0.997190 -0.000000 0.000000 0.000000 0.000000 1.000000
0.999081 0.042798 -0.002178 0.000000 -0.042603 0.997446 0.057332 1.533600 0.004626 -0.057187 0.998353 -0.000000 0.000000 0.000000 0.000000 1.000000
0.998465 0.007577 -0.054863 -0.000000 -0.005775 0.999441 0.032922 1.533600 0.055081 -0.032555 0.997951 0.000000 0.000000 0.000000 0.000000 1.000000</float_array>
        <technique_common>
          <accessor source="#mixamorig_Neck-Matrix-animation-output-transform-array" count="22" stride="16">
            <param type="float4x4"/>
          </accessor>
        </technique_common>
      </source>
      <source id="mixamorig_Neck-Interpolations">
        <Name_array id="mixamorig_Neck-Interpolations-array" count="22">
 LINEAR LINEAR LINEAR LINEAR LINEAR LINEAR LINEAR LINEAR LINEAR LINEAR LINEAR
LINEAR LINEAR LINEAR LINEAR LINEAR LINEAR LINEAR LINEAR LINEAR LINEAR LINEAR</Name_array>
        <technique_common>
          <accessor source="#mixamorig_Neck-Interpolations-array" count="22">
            <param type="name"/>
          </accessor>
        </technique_common>
      </source>
      <sampler id="mixamorig_Neck-Matrix-animation-transform">
        <input semantic="INPUT" source="#mixamorig_Neck-Matrix-animation-input"/>
        <input semantic="OUTPUT" source="#mixamorig_Neck-Matrix-animation-output-transform"/>
        <input semantic="INTERPOLATION" source="#mixamorig_Neck-Interpolations"/>
      </sampler>
      <channel source="#mixamorig_Neck-Matrix-animation-transform" target="mixamorig_Neck/matrix"/>
    </animation>
    <animation id="mixamorig_Head-anim" name="mixamorig_Head">
      <source id="mixamorig_Head-Matrix-animation-input">
        <float_array id="mixamorig_Head-Matrix-animation-input-array" count="22">

0.000000 0.033333 0.066667 0.100000 0.133333 0.166667 0.200000 0.233333 0.266667 0.300000 0.333333 0.366667 0.400000 0.433333 0.466667 0.500000
0.533333 0.566667 0.600000 0.633333 0.666667 0.700000</float_array>
        <technique_common>
          <accessor source="#mixamorig_Head-Matrix-animation-input-array" count="22">
            <param name="TIME" type="float"/>
          </accessor>
        </technique_common>
      </source>
      <source id="mixamorig_Head-Matrix-animation-output-transform">
        <float_array id="mixamorig_Head-Matrix-animation-output-transform-array" count="352">

0.987594 0.090815 -0.128108 0.000000 -0.057729 0.968649 0.241632 0.523900 0.146036 -0.231239 0.961874 0.124400 0.000000 0.000000 0.000000 1.000000
0.975794 0.083797 -0.201999 0.000000 -0.042689 0.978893 0.199864 0.523900 0.214483 -0.186403 0.958776 0.124400 0.000000 0.000000 0.000000 1.000000
0.957954 0.084562 -0.274178 0.000000 -0.037339 0.984198 0.173088 0.523900 0.284483 -0.155573 0.945974 0.124400 0.000000 0.000000 0.000000 1.000000
0.940384 0.052648 -0.336014 -0.000000 -0.015807 0.993644 0.111451 0.523900 0.339746 -0.099496 0.935240 0.124400 0.000000 0.000000 0.000000 1.000000
0.931204 0.051046 -0.360907 0.000000 -0.014226 0.994480 0.103953 0.523900 0.364221 -0.091667 0.926790 0.124400 0.000000 0.000000 0.000000 1.000000
0.942001 0.065988 -0.329058 0.000000 -0.028125 0.992552 0.118530 0.523900 0.334428 -0.102401 0.936841 0.124400 0.000000 0.000000 0.000000 1.000000
0.944878 0.027019 -0.326307 0.000000 0.003490 0.995702 0.092554 0.523900 0.327405 -0.088591 0.940722 0.124400 0.000000 0.000000 0.000000 1.000000
0.945484 -0.009167 -0.325539 0.000000 0.043517 0.994196 0.098393 0.523900 0.322748 -0.107196 0.940395 0.124400 0.000000 0.000000 0.000000 1.000000
0.956296 -0.033052 -0.290527 0.000000 0.074930 0.988114 0.134227 0.523900 0.282637 -0.150130 0.947406 0.124400 0.000000 0.000000 0.000000 1.000000
0.972242 -0.061276 -0.225810 0.000000 0.110912 0.970474 0.214192 0.523900 0.206018 -0.233292 0.950332 0.124400 0.000000 0.000000 0.000000 1.000000
0.984650 -0.083840 -0.153088 0.000000 0.121702 0.958489 0.257850 0.523900 0.125115 -0.272523 0.953980 0.124400 0.000000 0.000000 0.000000 1.000000
0.996402 -0.054169 -0.065186 0.000000 0.069100 0.964549 0.254695 0.523900 0.049079 -0.258283 0.964822 0.124400 0.000000 0.000000 0.000000 1.000000
0.998550 -0.053496 0.005989 0.000000 0.050330 0.967300 0.248591 0.523900 -0.019092 -0.247929 0.968590 0.124400 0.000000 0.000000 0.000000 1.000000
0.991852 -0.027532 0.124383 -0.000000 0.005423 0.984607 0.174701 0.523900 -0.127278 -0.172604 0.976733 0.124400 0.000000 0.000000 0.000000 1.000000
0.982253 -0.006468 0.187448 -0.000000 -0.024852 0.986105 0.164251 0.523900 -0.185906 -0.165995 0.968445 0.124400 0.000000 0.000000 0.000000 1.000000
0.978103 -0.001826 0.208116 0.000000 -0.036766 0.982719 0.181417 0.523900 -0.204851 -0.185096 0.961133 0.124400 0.000000 0.000000 0.000000 1.000000
0.980500 0.033284 0.193679 0.000000 -0.072698 0.977071 0.200120 0.523900 -0.182577 -0.210298 0.960438 0.124400 0.000000 0.000000 0.000000 1.000000
0.982984 0.052703 0.175966 0.000000 -0.088757 0.974980 0.203804 0.523900 -0.160822 -0.215955 0.963068 0.124400 0.000000 0.000000 0.000000 1.000000
0.992033 0.037550 0.120252 -0.000000 -0.063202 0.974074 0.217224 0.523900 -0.108977 -0.223094 0.968686 0.124400 0.000000 0.000000 0.000000 1.000000
0.996762 0.064214 0.048392 -0.000000 -0.074679 0.962409 0.261135 0.523900 -0.029804 -0.263903 0.964089 0.124400 0.000000 0.000000 0.000000 1.000000
0.996117 0.077053 -0.042592 0.000000 -0.063277 0.962947 0.262160 0.523900 0.061214 -0.258447 0.964084 0.124400 0.000000 0.000000 0.000000 1.000000
0.987594 0.090815 -0.128108 0.000000 -0.057729 0.968649 0.241632 0.523900 0.146036 -0.231239 0.961874 0.124400 0.000000 0.000000 0.000000 1.000000</float_array>
        <technique_common>
          <accessor source="#mixamorig_Head-Matrix-animation-output-transform-array" count="22" stride="16">
            <param type="float4x4"/>
          </accessor>
        </technique_common>
      </source>
      <source id="mixamorig_Head-Interpolations">
        <Name_array id="mixamorig_Head-Interpolations-array" count="22">
 LINEAR LINEAR LINEAR LINEAR LINEAR LINEAR LINEAR LINEAR LINEAR LINEAR LINEAR
LINEAR LINEAR LINEAR LINEAR LINEAR LINEAR LINEAR LINEAR LINEAR LINEAR LINEAR</Name_array>
        <technique_common>
          <accessor source="#mixamorig_Head-Interpolations-array" count="22">
            <param type="name"/>
          </accessor>
        </technique_common>
      </source>
      <sampler id="mixamorig_Head-Matrix-animation-transform">
        <input semantic="INPUT" source="#mixamorig_Head-Matrix-animation-input"/>
        <input semantic="OUTPUT" source="#mixamorig_Head-Matrix-animation-output-transform"/>
        <input semantic="INTERPOLATION" source="#mixamorig_Head-Interpolations"/>
      </sampler>
      <channel source="#mixamorig_Head-Matrix-animation-transform" target="mixamorig_Head/matrix"/>
    </animation>
    <animation id="mixamorig_LeftShoulder-anim" name="mixamorig_LeftShoulder">
      <source id="mixamorig_LeftShoulder-Matrix-animation-input">
        <float_array id="mixamorig_LeftShoulder-Matrix-animation-input-array" count="22">

0.000000 0.033333 0.066667 0.100000 0.133333 0.166667 0.200000 0.233333 0.266667 0.300000 0.333333 0.366667 0.400000 0.433333 0.466667 0.500000
0.533333 0.566667 0.600000 0.633333 0.666667 0.700000</float_array>
        <technique_common>
          <accessor source="#mixamorig_LeftShoulder-Matrix-animation-input-array" count="22">
            <param name="TIME" type="float"/>
          </accessor>
        </technique_common>
      </source>
      <source id="mixamorig_LeftShoulder-Matrix-animation-output-transform">
        <float_array id="mixamorig_LeftShoulder-Matrix-animation-output-transform-array" count="352">

-0.016329 0.922733 -0.385093 0.575500 0.023730 -0.384678 -0.922746 1.393800 -0.999585 -0.024206 -0.015615 -0.013100 0.000000 0.000000 0.000000 1.000000
-0.030536 0.926534 -0.374970 0.575500 0.024381 -0.374343 -0.926970 1.393800 -0.999236 -0.037448 -0.011159 -0.013100 0.000000 0.000000 0.000000 1.000000
-0.046731 0.931033 -0.361931 0.575500 0.024777 -0.361135 -0.932184 1.393800 -0.998600 -0.052530 -0.006192 -0.013100 0.000000 0.000000 0.000000 1.000000
-0.062493 0.935154 -0.348686 0.575500 0.024681 -0.347814 -0.937239 1.393800 -0.997740 -0.067176 -0.001345 -0.013100 0.000000 0.000000 0.000000 1.000000
-0.074033 0.937592 -0.339766 0.575500 0.024248 -0.338908 -0.940507 1.393800 -0.996961 -0.077867 0.002356 -0.013100 0.000000 0.000000 0.000000 1.000000
-0.076486 0.936953 -0.340982 0.575500 0.024047 -0.340150 -0.940064 1.393800 -0.996781 -0.080101 0.003486 -0.013100 0.000000 0.000000 0.000000 1.000000
-0.066134 0.932465 -0.355155 0.575500 0.024350 -0.354320 -0.934807 1.393800 -0.997514 -0.070471 0.000727 -0.013100 0.000000 0.000000 0.000000 1.000000
-0.042755 0.924688 -0.378318 0.575500 0.024435 -0.377583 -0.925653 1.393800 -0.998787 -0.048820 -0.006451 -0.013100 0.000000 0.000000 0.000000 1.000000
-0.010428 0.916053 -0.400922 0.575500 0.023423 -0.400610 -0.915949 1.393800 -0.999671 -0.018943 -0.017279 -0.013100 0.000000 0.000000 0.000000 1.000000
0.023828 0.909846 -0.414262 0.575500 0.021723 -0.414753 -0.909675 1.393800 -0.999480 0.012677 -0.029647 -0.013100 0.000000 0.000000 0.000000 1.000000
0.052297 0.907648 -0.416461 0.575500 0.020614 -0.417924 -0.908248 1.393800 -0.998419 0.038914 -0.040566 -0.013100 0.000000 0.000000 0.000000 1.000000
0.068906 0.908279 -0.412651 0.575500 0.020559 -0.414839 -0.909662 1.393800 -0.997411 0.054197 -0.047259 -0.013100 0.000000 0.000000 0.000000 1.000000
0.072232 0.909406 -0.409590 0.575500 0.020902 -0.411952 -0.910966 1.393800 -0.997169 0.057240 -0.048765 -0.013100 0.000000 0.000000 0.000000 1.000000
0.067055 0.909514 -0.410229 0.575500 0.021044 -0.412353 -0.910781 1.393800 -0.997527 0.052439 -0.046790 -0.013100 0.000000 0.000000 0.000000 1.000000
0.061247 0.908481 -0.413413 0.575500 0.020927 -0.415268 -0.909458 1.393800 -0.997903 0.047050 -0.044446 -0.013100 0.000000 0.000000 0.000000 1.000000
0.059800 0.906891 -0.417100 0.575500 0.020638 -0.418882 -0.907806 1.393800 -0.997997 0.045679 -0.043766 -0.013100 0.000000 0.000000 0.000000 1.000000
0.061748 0.905304 -0.420251 0.575500 0.020280 -0.422106 -0.906320 1.393800 -0.997886 0.047441 -0.044424 -0.013100 0.000000 0.000000 0.000000 1.000000
0.062053 0.904637 -0.421641 0.575500 0.020128 -0.423504 -0.905671 1.393800 -0.997870 0.047713 -0.044488 -0.013100 0.000000 0.000000 0.000000 1.000000
0.055636 0.906336 -0.418879 0.575500 0.020579 -0.420481 -0.907068 1.393800 -0.998239 0.041846 -0.042045 -0.013100 0.000000 0.000000 0.000000 1.000000
0.039919 0.911035 -0.410391 0.575500 0.021698 -0.411412 -0.911191 1.393800 -0.998967 0.027469 -0.036190 -0.013100 0.000000 0.000000 0.000000 1.000000
0.015238 0.917356 -0.397775 0.575500 0.022949 -0.398038 -0.917082 1.393800 -0.999621 0.004846 -0.027117 -0.013100 0.000000 0.000000 0.000000 1.000000
-0.016329 0.922733 -0.385093 0.575500 0.023730 -0.384678 -0.922746 1.393800 -0.999585 -0.024206 -0.015615 -0.013100 0.000000 0.000000 0.000000 1.000000</float_array>
        <technique_common>
          <accessor source="#mixamorig_LeftShoulder-Matrix-animation-output-transform-array" count="22" stride="16">
            <param type="float4x4"/>
          </accessor>
        </technique_common>
      </source>
      <source id="mixamorig_LeftShoulder-Interpolations">
        <Name_array id="mixamorig_LeftShoulder-Interpolations-array" count="22">
 LINEAR LINEAR LINEAR LINEAR LINEAR LINEAR LINEAR LINEAR LINEAR LINEAR LINEAR
LINEAR LINEAR LINEAR LINEAR LINEAR LINEAR LINEAR LINEAR LINEAR LINEAR LINEAR</Name_array>
        <technique_common>
          <accessor source="#mixamorig_LeftShoulder-Interpolations-array" count="22">
            <param type="name"/>
          </accessor>
        </technique_common>
      </source>
      <sampler id="mixamorig_LeftShoulder-Matrix-animation-transform">
        <input semantic="INPUT" source="#mixamorig_LeftShoulder-Matrix-animation-input"/>
        <input semantic="OUTPUT" source="#mixamorig_LeftShoulder-Matrix-animation-output-transform"/>
        <input semantic="INTERPOLATION" source="#mixamorig_LeftShoulder-Interpolations"/>
      </sampler>
      <channel source="#mixamorig_LeftShoulder-Matrix-animation-transform" target="mixamorig_LeftShoulder/matrix"/>
    </animation>
    <animation id="mixamorig_LeftArm-anim" name="mixamorig_LeftArm">
      <source id="mixamorig_LeftArm-Matrix-animation-input">
        <float_array id="mixamorig_LeftArm-Matrix-animation-input-array" count="22">

0.000000 0.033333 0.066667 0.100000 0.133333 0.166667 0.200000 0.233333 0.266667 0.300000 0.333333 0.366667 0.400000 0.433333 0.466667 0.500000
0.533333 0.566667 0.600000 0.633333 0.666667 0.700000</float_array>
        <technique_common>
          <accessor source="#mixamorig_LeftArm-Matrix-animation-input-array" count="22">
            <param name="TIME" type="float"/>
          </accessor>
        </technique_common>
      </source>
      <source id="mixamorig_LeftArm-Matrix-animation-output-transform">
        <float_array id="mixamorig_LeftArm-Matrix-animation-output-transform-array" count="352">

0.847705 0.511781 -0.139562 0.000000 -0.434074 0.517997 -0.737061 1.185000 -0.304921 0.685390 0.661259 0.000000 0.000000 0.000000 0.000000 1.000000
0.826007 0.549687 -0.124727 -0.000000 -0.467255 0.543995 -0.696952 1.185000 -0.315255 0.633967 0.706188 0.000000 0.000000 0.000000 0.000000 1.000000
0.815669 0.573085 -0.079105 -0.000000 -0.477015 0.588874 -0.652445 1.185000 -0.327323 0.569913 0.753697 0.000000 0.000000 0.000000 0.000000 1.000000
0.812070 0.583181 -0.021030 0.000000 -0.473712 0.637734 -0.607365 1.185000 -0.340792 0.503185 0.794144 0.000000 0.000000 0.000000 0.000000 1.000000
0.811611 0.583411 0.030325 0.000000 -0.465329 0.676981 -0.570234 1.185000 -0.353210 0.448696 0.820923 0.000000 0.000000 0.000000 0.000000 1.000000
0.820259 0.568943 0.058989 -0.000000 -0.450186 0.705760 -0.547024 1.185000 -0.352858 0.422146 0.835036 0.000000 0.000000 0.000000 0.000000 1.000000
0.851292 0.521510 0.057706 -0.000000 -0.414205 0.735464 -0.536215 1.185000 -0.322082 0.432573 0.842107 -0.000000 0.000000 0.000000 0.000000 1.000000
0.905300 0.423830 0.028279 0.000000 -0.343123 0.768907 -0.539490 1.185000 -0.250396 0.478697 0.841517 -0.000000 0.000000 0.000000 0.000000 1.000000
0.958988 0.282934 -0.017017 0.000000 -0.242130 0.786515 -0.568126 1.185000 -0.147358 0.548946 0.822766 -0.000000 0.000000 0.000000 0.000000 1.000000
0.988805 0.137610 -0.057687 -0.000000 -0.143433 0.770045 -0.621657 1.185000 -0.041124 0.622972 0.781162 0.000000 0.000000 0.000000 0.000000 1.000000
