<?xml version="1.0" encoding="utf-8"?>
<COLLADA xmlns="http://www.collada.org/2005/11/COLLADASchema" version="1.4.1">
  <asset>
    <contributor>
      <author>Mixamo</author>
      <authoring_tool>COLLADA Mixamo exporter</authoring_tool>
      <comments/>
    </contributor>
    <created>2025-06-09T23:38:11Z</created>
    <modified>2025-06-09T23:38:11Z</modified>
    <revision/>
    <title/>
    <unit meter="0.010000"/>
    <up_axis>Y_UP</up_axis>
  </asset>
  <library_animations>
    <animation id="mixamorig_Hips-anim" name="mixamorig_Hips">
      <source id="mixamorig_Hips-Matrix-animation-input">
        <float_array id="mixamorig_Hips-Matrix-animation-input-array" count="22">

0.000000 0.033333 0.066667 0.100000 0.133333 0.166667 0.200000 0.233333 0.266667 0.300000 0.333333 0.366667 0.400000 0.433333 0.466667 0.500000
0.533333 0.566667 0.600000 0.633333 0.666667 0.700000</float_array>
        <technique_common>
          <accessor source="#mixamorig_Hips-Matrix-animation-input-array" count="22">
            <param name="TIME" type="float"/>
          </accessor>
        </technique_common>
      </source>
      <source id="mixamorig_Hips-Matrix-animation-output-transform">
        <float_array id="mixamorig_Hips-Matrix-animation-output-transform-array" count="352">

0.997234 0.053878 0.051202 0.015640 -0.048856 0.994303 -0.094734 8.398121 -0.056015 0.091970 0.994185 0.155828 0.000000 0.000000 0.000000 1.000000
0.998599 0.033225 0.041182 0.052789 -0.029222 0.995120 -0.094247 8.573914 -0.044112 0.092911 0.994697 0.275136 0.000000 0.000000 0.000000 1.000000
0.998205 0.016275 0.057634 0.076031 -0.011139 0.996028 -0.088342 8.833263 -0.058843 0.087542 0.994421 0.378675 0.000000 0.000000 0.000000 1.000000
0.995191 -0.002877 0.097906 0.101794 0.011644 0.995955 -0.089092 9.034603 -0.097254 0.089804 0.991200 0.556489 0.000000 0.000000 0.000000 1.000000
0.994343 -0.002499 0.106186 0.108261 0.012462 0.995564 -0.093258 9.041756 -0.105482 0.094054 0.989963 0.721788 0.000000 0.000000 0.000000 1.000000
0.997008 0.005425 0.077106 0.132591 0.000025 0.997511 -0.070510 9.022243 -0.077297 0.070301 0.994526 0.777764 0.000000 0.000000 0.000000 1.000000
0.996249 0.004434 0.086424 0.142108 -0.000128 0.998761 -0.049758 8.954233 -0.086538 0.049560 0.995015 0.811406 0.000000 0.000000 0.000000 1.000000
0.992812 0.002646 0.119656 0.140148 0.002263 0.999162 -0.040871 8.822832 -0.119664 0.040848 0.991974 0.749124 0.000000 0.000000 0.000000 1.000000
0.992885 -0.002887 0.119046 0.110885 0.007408 0.999267 -0.037555 8.572486 -0.118851 0.038170 0.992178 0.589402 0.000000 0.000000 0.000000 1.000000
0.994688 -0.001844 0.102915 0.085588 0.007579 0.998437 -0.055369 8.328361 -0.102652 0.055855 0.993148 0.403042 0.000000 0.000000 0.000000 1.000000
0.995415 0.002905 0.095610 0.044954 0.003284 0.997911 -0.064517 8.292017 -0.095598 0.064535 0.993326 0.238331 0.000000 0.000000 0.000000 1.000000
0.994820 0.034686 0.095550 0.041205 -0.027882 0.997040 -0.071647 8.449562 -0.097753 0.068612 0.992843 0.204912 0.000000 0.000000 0.000000 1.000000
0.996136 0.064814 0.059270 0.039011 -0.059323 0.994161 -0.090134 8.673508 -0.064766 0.086270 0.994164 0.269371 0.000000 0.000000 0.000000 1.000000
0.996582 0.082599 -0.001627 0.026345 -0.082162 0.988869 -0.124044 8.858795 -0.008637 0.123753 0.992275 0.337969 0.000000 0.000000 0.000000 1.000000
0.997056 0.075385 -0.014044 0.033999 -0.076644 0.985458 -0.151649 8.931145 0.002407 0.152279 0.988335 0.340264 0.000000 0.000000 0.000000 1.000000
0.998118 0.060166 -0.011884 0.037294 -0.061212 0.989304 -0.132402 8.894655 0.003791 0.132881 0.991125 0.403601 0.000000 0.000000 0.000000 1.000000
0.998575 0.050890 -0.016042 0.030952 -0.052370 0.992337 -0.111915 8.810849 0.010223 0.112596 0.993588 0.469442 0.000000 0.000000 0.000000 1.000000
0.998799 0.048930 -0.002506 0.024856 -0.048908 0.992705 -0.110206 8.660181 -0.002904 0.110196 0.993906 0.418999 0.000000 0.000000 0.000000 1.000000
0.998869 0.042591 0.021144 0.011582 -0.040062 0.993313 -0.108283 8.505236 -0.025614 0.107313 0.993895 0.373196 0.000000 0.000000 0.000000 1.000000
0.996761 0.064378 0.048203 -0.008969 -0.058698 0.992066 -0.111176 8.313218 -0.054977 0.107986 0.992631 0.221872 0.000000 0.000000 0.000000 1.000000
0.993496 0.088389 0.071792 -0.018264 -0.080959 0.991635 -0.100525 8.239669 -0.080077 0.094059 0.992341 0.127422 0.000000 0.000000 0.000000 1.000000
0.997234 0.053878 0.051202 0.015640 -0.048856 0.994303 -0.094734 8.398121 -0.056015 0.091970 0.994185 0.155828 0.000000 0.000000 0.000000 1.000000</float_array>
        <technique_common>
          <accessor source="#mixamorig_Hips-Matrix-animation-output-transform-array" count="22" stride="16">
            <param type="float4x4"/>
          </accessor>
        </technique_common>
      </source>
      <source id="mixamorig_Hips-Interpolations">
        <Name_array id="mixamorig_Hips-Interpolations-array" count="22">
 LINEAR LINEAR LINEAR LINEAR LINEAR LINEAR LINEAR LINEAR LINEAR LINEAR LINEAR
LINEAR LINEAR LINEAR LINEAR LINEAR LINEAR LINEAR LINEAR LINEAR LINEAR LINEAR</Name_array>
        <technique_common>
          <accessor source="#mixamorig_Hips-Interpolations-array" count="22">
            <param type="name"/>
          </accessor>
        </technique_common>
      </source>
      <sampler id="mixamorig_Hips-Matrix-animation-transform">
        <input semantic="INPUT" source="#mixamorig_Hips-Matrix-animation-input"/>
        <input semantic="OUTPUT" source="#mixamorig_Hips-Matrix-animation-output-transform"/>
        <input semantic="INTERPOLATION" source="#mixamorig_Hips-Interpolations"/>
      </sampler>
      <channel source="#mixamorig_Hips-Matrix-animation-transform" target="mixamorig_Hips/matrix"/>
    </animation>
    <animation id="mixamorig_Spine-anim" name="mixamorig_Spine">
      <source id="mixamorig_Spine-Matrix-animation-input">
        <float_array id="mixamorig_Spine-Matrix-animation-input-array" count="22">

0.000000 0.033333 0.066667 0.100000 0.133333 0.166667 0.200000 0.233333 0.266667 0.300000 0.333333 0.366667 0.400000 0.433333 0.466667 0.500000
0.533333 0.566667 0.600000 0.633333 0.666667 0.700000</float_array>
        <technique_common>
          <accessor source="#mixamorig_Spine-Matrix-animation-input-array" count="22">
            <param name="TIME" type="float"/>
          </accessor>
        </technique_common>
      </source>
      <source id="mixamorig_Spine-Matrix-animation-output-transform">
        <float_array id="mixamorig_Spine-Matrix-animation-output-transform-array" count="352">

0.999405 -0.027848 0.020353 -0.000000 0.027464 0.999444 0.018910 1.020200 -0.020868 -0.018340 0.999614 -0.107500 0.000000 0.000000 0.000000 1.000000
0.998909 -0.020554 0.041928 0.000000 0.019469 0.999469 0.026136 1.020200 -0.042443 -0.025291 0.998779 -0.107500 0.000000 0.000000 0.000000 1.000000
0.998118 -0.010800 0.060363 0.000000 0.008749 0.999379 0.034142 1.020200 -0.060694 -0.033549 0.997592 -0.107500 0.000000 0.000000 0.000000 1.000000
0.997534 -0.001158 0.070179 0.000000 -0.002007 0.998984 0.045012 1.020200 -0.070159 -0.045041 0.996518 -0.107500 0.000000 0.000000 0.000000 1.000000
0.997121 0.004547 0.075692 0.000000 -0.008739 0.998440 0.055143 1.020200 -0.075323 -0.055645 0.995605 -0.107500 0.000000 0.000000 0.000000 1.000000
0.997187 0.005063 0.074788 -0.000000 -0.009071 0.998535 0.053344 1.020200 -0.074408 -0.053873 0.995772 -0.107500 0.000000 0.000000 0.000000 1.000000
0.997667 0.006597 0.067951 0.000000 -0.009788 0.998859 0.046748 1.020200 -0.067565 -0.047304 0.996593 -0.107500 0.000000 0.000000 0.000000 1.000000
0.998204 0.007320 0.059462 -0.000000 -0.009562 0.999250 0.037517 1.020200 -0.059143 -0.038018 0.997525 -0.107500 0.000000 0.000000 0.000000 1.000000
0.998600 0.012001 0.051519 -0.000000 -0.013326 0.999587 0.025443 1.020200 -0.051193 -0.026094 0.998348 -0.107500 0.000000 0.000000 0.000000 1.000000
0.999429 0.014239 0.030652 -0.000000 -0.014776 0.999740 0.017392 1.020200 -0.030396 -0.017835 0.999379 -0.107500 0.000000 0.000000 0.000000 1.000000
0.999907 0.013644 -0.000495 -0.000000 -0.013638 0.999849 0.010814 1.020200 0.000643 -0.010807 0.999941 -0.107500 0.000000 0.000000 0.000000 1.000000
0.999561 0.002928 -0.029473 0.000000 -0.002647 0.999951 0.009564 1.020200 0.029499 -0.009481 0.999520 -0.107500 0.000000 0.000000 0.000000 1.000000
0.998623 -0.013602 -0.050666 0.000000 0.014495 0.999745 0.017312 1.020200 0.050417 -0.018023 0.998566 -0.107500 0.000000 0.000000 0.000000 1.000000
0.997470 -0.023432 -0.067116 -0.000000 0.025313 0.999306 0.027319 1.020200 0.066429 -0.028949 0.997371 -0.107500 0.000000 0.000000 0.000000 1.000000
0.996534 -0.029073 -0.077937 0.000000 0.031710 0.998958 0.032820 1.020200 0.076902 -0.035177 0.996418 -0.107500 0.000000 0.000000 0.000000 1.000000
0.996475 -0.029148 -0.078659 0.000000 0.031345 0.999148 0.026840 1.020200 0.077810 -0.029211 0.996540 -0.107500 0.000000 0.000000 0.000000 1.000000
0.997206 -0.029152 -0.068774 -0.000000 0.030795 0.999262 0.022951 1.020200 0.068054 -0.025005 0.997368 -0.107500 0.000000 0.000000 0.000000 1.000000
0.997462 -0.030217 -0.064465 -0.000000 0.031640 0.999275 0.021182 1.020200 0.063778 -0.023168 0.997695 -0.107500 0.000000 0.000000 0.000000 1.000000
0.997987 -0.030629 -0.055540 0.000000 0.031684 0.999332 0.018227 1.020200 0.054944 -0.019950 0.998290 -0.107500 0.000000 0.000000 0.000000 1.000000
0.998667 -0.036381 -0.036624 0.000000 0.036893 0.999229 0.013395 1.020200 0.036109 -0.014728 0.999239 -0.107500 0.000000 0.000000 0.000000 1.000000
0.998928 -0.043568 -0.015672 0.000000 0.043761 0.998968 0.012185 1.020200 0.015125 -0.012858 0.999803 -0.107500 0.000000 0.000000 0.000000 1.000000
0.999405 -0.027848 0.020353 -0.000000 0.027464 0.999444 0.018910 1.020200 -0.020868 -0.018340 0.999614 -0.107500 0.000000 0.000000 0.000000 1.000000</float_array>
        <technique_common>
          <accessor source="#mixamorig_Spine-Matrix-animation-output-transform-array" count="22" stride="16">
            <param type="float4x4"/>
          </accessor>
        </technique_common>
      </source>
      <source id="mixamorig_Spine-Interpolations">
        <Name_array id="mixamorig_Spine-Interpolations-array" count="22">
 LINEAR LINEAR LINEAR LINEAR LINEAR LINEAR LINEAR LINEAR LINEAR LINEAR LINEAR
LINEAR LINEAR LINEAR LINEAR LINEAR LINEAR LINEAR LINEAR LINEAR LINEAR LINEAR</Name_array>
        <technique_common>
          <accessor source="#mixamorig_Spine-Interpolations-array" count="22">
            <param type="name"/>
          </accessor>
        </technique_common>
      </source>
      <sampler id="mixamorig_Spine-Matrix-animation-transform">
        <input semantic="INPUT" source="#mixamorig_Spine-Matrix-animation-input"/>
        <input semantic="OUTPUT" source="#mixamorig_Spine-Matrix-animation-output-transform"/>
        <input semantic="INTERPOLATION" source="#mixamorig_Spine-Interpolations"/>
      </sampler>
      <channel source="#mixamorig_Spine-Matrix-animation-transform" target="mixamorig_Spine/matrix"/>
    </animation>
    <animation id="mixamorig_Spine1-anim" name="mixamorig_Spine1">
      <source id="mixamorig_Spine1-Matrix-animation-input">
        <float_array id="mixamorig_Spine1-Matrix-animation-input-array" count="22">

0.000000 0.033333 0.066667 0.100000 0.133333 0.166667 0.200000 0.233333 0.266667 0.300000 0.333333 0.366667 0.400000 0.433333 0.466667 0.500000
0.533333 0.566667 0.600000 0.633333 0.666667 0.700000</float_array>
        <technique_common>
          <accessor source="#mixamorig_Spine1-Matrix-animation-input-array" count="22">
            <param name="TIME" type="float"/>
          </accessor>
        </technique_common>
      </source>
      <source id="mixamorig_Spine1-Matrix-animation-output-transform">
        <float_array id="mixamorig_Spine1-Matrix-animation-output-transform-array" count="352">

0.998355 -0.034970 0.045440 0.000000 0.042261 0.984372 -0.170955 1.196800 -0.038752 0.172594 0.984231 0.000000 0.000000 0.000000 0.000000 1.000000
0.995990 -0.022612 0.086565 0.000000 0.036013 0.987017 -0.156524 1.196800 -0.081902 0.159014 0.983873 -0.000000 0.000000 0.000000 0.000000 1.000000
0.992362 -0.009582 0.122985 -0.000000 0.026947 0.989738 -0.140327 1.196800 -0.120379 0.142569 0.982437 -0.000000 0.000000 0.000000 0.000000 1.000000
0.989283 0.007390 0.145822 -0.000000 0.010125 0.992842 -0.119007 1.196800 -0.145657 0.119208 0.982127 0.000000 0.000000 0.000000 0.000000 1.000000
0.986450 0.018589 0.163005 0.000000 -0.002351 0.995060 -0.099248 1.196800 -0.164045 0.097520 0.981621 -0.000000 0.000000 0.000000 0.000000 1.000000
0.985806 0.019570 0.166741 0.000000 -0.002359 0.994699 -0.102803 1.196800 -0.167869 0.100951 0.980627 0.000000 0.000000 0.000000 0.000000 1.000000
0.987959 0.021255 0.153247 -0.000000 -0.003386 0.993251 -0.115931 1.196800 -0.154677 0.114016 0.981364 0.000000 0.000000 0.000000 0.000000 1.000000
0.990749 0.023695 0.133620 -0.000000 -0.005563 0.990903 -0.134465 1.196800 -0.135590 0.132478 0.981868 -0.000000 0.000000 0.000000 0.000000 1.000000
0.993339 0.032006 0.110697 -0.000000 -0.014135 0.987240 -0.158609 1.196800 -0.114361 0.155988 0.981116 0.000000 0.000000 0.000000 0.000000 1.000000
0.997490 0.033677 0.062278 0.000000 -0.022337 0.984395 -0.174551 1.196800 -0.067185 0.172722 0.982677 0.000000 0.000000 0.000000 0.000000 1.000000
0.999645 0.026531 -0.002259 0.000000 -0.026485 0.981969 -0.187179 1.196800 -0.002748 0.187173 0.982323 -0.000000 0.000000 0.000000 0.000000 1.000000
0.998241 0.002560 -0.059232 0.000000 -0.013754 0.981810 -0.189366 1.196800 0.057670 0.189848 0.980118 0.000000 0.000000 0.000000 0.000000 1.000000
0.994546 -0.028396 -0.100364 -0.000000 0.010532 0.984650 -0.174221 1.196800 0.103770 0.172214 0.979579 -0.000000 0.000000 0.000000 0.000000 1.000000
0.989479 -0.048552 -0.136284 0.000000 0.027131 0.987566 -0.154845 1.196800 0.142107 0.149518 0.978494 -0.000000 0.000000 0.000000 0.000000 1.000000
0.985021 -0.061579 -0.161065 -0.000000 0.038190 0.988771 -0.144477 1.196800 0.168154 0.136162 0.976312 0.000000 0.000000 0.000000 0.000000 1.000000
0.983948 -0.063059 -0.166943 0.000000 0.036735 0.987024 -0.156314 1.196800 0.174634 0.147672 0.973497 -0.000000 0.000000 0.000000 0.000000 1.000000
0.986555 -0.062649 -0.150944 0.000000 0.037504 0.985745 -0.164012 1.196800 0.159068 0.156146 0.974842 0.000000 0.000000 0.000000 0.000000 1.000000
0.988146 -0.064456 -0.139327 -0.000000 0.040622 0.985019 -0.167591 1.196800 0.148043 0.159944 0.975962 -0.000000 0.000000 0.000000 0.000000 1.000000
0.991318 -0.063217 -0.115292 -0.000000 0.042591 0.983946 -0.173308 1.196800 0.124397 0.166893 0.978096 0.000000 0.000000 0.000000 0.000000 1.000000
0.995337 -0.066613 -0.069760 0.000000 0.052915 0.981781 -0.182502 1.196800 0.080646 0.177960 0.980728 -0.000000 0.000000 0.000000 0.000000 1.000000
0.997375 -0.068445 -0.023617 0.000000 0.062944 0.980834 -0.184401 1.196800 0.035785 0.182430 0.982567 0.000000 0.000000 0.000000 0.000000 1.000000
0.998355 -0.034970 0.045440 0.000000 0.042261 0.984372 -0.170955 1.196800 -0.038752 0.172594 0.984231 0.000000 0.000000 0.000000 0.000000 1.000000</float_array>
        <technique_common>
          <accessor source="#mixamorig_Spine1-Matrix-animation-output-transform-array" count="22" stride="16">
            <param type="float4x4"/>
          </accessor>
        </technique_common>
      </source>
      <source id="mixamorig_Spine1-Interpolations">
        <Name_array id="mixamorig_Spine1-Interpolations-array" count="22">
 LINEAR LINEAR LINEAR LINEAR LINEAR LINEAR LINEAR LINEAR LINEAR LINEAR LINEAR
LINEAR LINEAR LINEAR LINEAR LINEAR LINEAR LINEAR LINEAR LINEAR LINEAR LINEAR</Name_array>
        <technique_common>
          <accessor source="#mixamorig_Spine1-Interpolations-array" count="22">
            <param type="name"/>
          </accessor>
        </technique_common>
      </source>
      <sampler id="mixamorig_Spine1-Matrix-animation-transform">
        <input semantic="INPUT" source="#mixamorig_Spine1-Matrix-animation-input"/>
        <input semantic="OUTPUT" source="#mixamorig_Spine1-Matrix-animation-output-transform"/>
        <input semantic="INTERPOLATION" source="#mixamorig_Spine1-Interpolations"/>
      </sampler>
      <channel source="#mixamorig_Spine1-Matrix-animation-transform" target="mixamorig_Spine1/matrix"/>
    </animation>
    <animation id="mixamorig_Spine2-anim" name="mixamorig_Spine2">
      <source id="mixamorig_Spine2-Matrix-animation-input">
        <float_array id="mixamorig_Spine2-Matrix-animation-input-array" count="22">

0.000000 0.033333 0.066667 0.100000 0.133333 0.166667 0.200000 0.233333 0.266667 0.300000 0.333333 0.366667 0.400000 0.433333 0.466667 0.500000
0.533333 0.566667 0.600000 0.633333 0.666667 0.700000</float_array>
        <technique_common>
          <accessor source="#mixamorig_Spine2-Matrix-animation-input-array" count="22">
            <param name="TIME" type="float"/>
          </accessor>
        </technique_common>
      </source>
      <source id="mixamorig_Spine2-Matrix-animation-output-transform">
        <float_array id="mixamorig_Spine2-Matrix-animation-output-transform-array" count="352">

0.998355 -0.034970 0.045440 0.000000 0.042261 0.984372 -0.170955 1.367800 -0.038752 0.172594 0.984230 -0.000000 0.000000 0.000000 0.000000 1.000000
0.995990 -0.022612 0.086565 0.000000 0.036013 0.987017 -0.156524 1.367800 -0.081902 0.159014 0.983873 0.000000 0.000000 0.000000 0.000000 1.000000
0.992362 -0.009582 0.122985 0.000000 0.026947 0.989738 -0.140327 1.367800 -0.120379 0.142569 0.982437 0.000000 0.000000 0.000000 0.000000 1.000000
0.989283 0.007390 0.145822 -0.000000 0.010125 0.992842 -0.119007 1.367800 -0.145657 0.119208 0.982127 0.000000 0.000000 0.000000 0.000000 1.000000
0.986450 0.018589 0.163005 0.000000 -0.002351 0.995060 -0.099248 1.367800 -0.164045 0.097520 0.981621 -0.000000 0.000000 0.000000 0.000000 1.000000
0.985806 0.019570 0.166741 0.000000 -0.002359 0.994699 -0.102803 1.367800 -0.167869 0.100951 0.980627 -0.000000 0.000000 0.000000 0.000000 1.000000
0.987959 0.021255 0.153247 -0.000000 -0.003386 0.993251 -0.115931 1.367800 -0.154677 0.114016 0.981364 0.000000 0.000000 0.000000 0.000000 1.000000
0.990749 0.023695 0.133620 0.000000 -0.005563 0.990903 -0.134465 1.367800 -0.135590 0.132478 0.981868 0.000000 0.000000 0.000000 0.000000 1.000000
0.993339 0.032006 0.110697 0.000000 -0.014135 0.987240 -0.158609 1.367800 -0.114361 0.155988 0.981116 0.000000 0.000000 0.000000 0.000000 1.000000
0.997490 0.033677 0.062278 0.000000 -0.022337 0.984395 -0.174551 1.367800 -0.067185 0.172722 0.982677 0.000000 0.000000 0.000000 0.000000 1.000000
0.999645 0.026531 -0.002259 0.000000 -0.026485 0.981969 -0.187179 1.367800 -0.002748 0.187173 0.982323 -0.000000 0.000000 0.000000 0.000000 1.000000
0.998241 0.002560 -0.059232 0.000000 -0.013754 0.981810 -0.189367 1.367800 0.057670 0.189848 0.980118 0.000000 0.000000 0.000000 0.000000 1.000000
0.994546 -0.028396 -0.100364 -0.000000 0.010532 0.984650 -0.174221 1.367800 0.103770 0.172214 0.979579 0.000000 0.000000 0.000000 0.000000 1.000000
0.989479 -0.048552 -0.136284 0.000000 0.027131 0.987566 -0.154845 1.367800 0.142107 0.149518 0.978494 0.000000 0.000000 0.000000 0.000000 1.000000
0.985021 -0.061579 -0.161065 0.000000 0.038190 0.988771 -0.144477 1.367800 0.168154 0.136162 0.976312 0.000000 0.000000 0.000000 0.000000 1.000000
0.983948 -0.063059 -0.166943 0.000000 0.036735 0.987024 -0.156314 1.367800 0.174634 0.147672 0.973497 0.000000 0.000000 0.000000 0.000000 1.000000
0.986555 -0.062649 -0.150944 0.000000 0.037504 0.985745 -0.164012 1.367800 0.159068 0.156146 0.974842 0.000000 0.000000 0.000000 0.000000 1.000000
0.988146 -0.064456 -0.139327 0.000000 0.040622 0.985019 -0.167591 1.367800 0.148042 0.159944 0.975962 0.000000 0.000000 0.000000 0.000000 1.000000
0.991318 -0.063217 -0.115292 0.000000 0.042591 0.983946 -0.173308 1.367800 0.124397 0.166893 0.978096 0.000000 0.000000 0.000000 0.000000 1.000000
0.995337 -0.066613 -0.069760 0.000000 0.052914 0.981781 -0.182502 1.367800 0.080646 0.177960 0.980728 0.000000 0.000000 0.000000 0.000000 1.000000
0.997375 -0.068445 -0.023617 -0.000000 0.062944 0.980833 -0.184401 1.367800 0.035785 0.182431 0.982567 -0.000000 0.000000 0.000000 0.000000 1.000000
0.998355 -0.034970 0.045440 0.000000 0.042261 0.984372 -0.170955 1.367800 -0.038752 0.172594 0.984230 -0.000000 0.000000 0.000000 0.000000 1.000000</float_array>
        <technique_common>
          <accessor source="#mixamorig_Spine2-Matrix-animation-output-transform-array" count="22" stride="16">
            <param type="float4x4"/>
          </accessor>
        </technique_common>
      </source>
      <source id="mixamorig_Spine2-Interpolations">
        <Name_array id="mixamorig_Spine2-Interpolations-array" count="22">
 LINEAR LINEAR LINEAR LINEAR LINEAR LINEAR LINEAR LINEAR LINEAR LINEAR LINEAR
LINEAR LINEAR LINEAR LINEAR LINEAR LINEAR LINEAR LINEAR LINEAR LINEAR LINEAR</Name_array>
        <technique_common>
          <accessor source="#mixamorig_Spine2-Interpolations-array" count="22">
            <param type="name"/>
          </accessor>
        </technique_common>
      </source>
      <sampler id="mixamorig_Spine2-Matrix-animation-transform">
        <input semantic="INPUT" source="#mixamorig_Spine2-Matrix-animation-input"/>
        <input semantic="OUTPUT" source="#mixamorig_Spine2-Matrix-animation-output-transform"/>
        <input semantic="INTERPOLATION" source="#mixamorig_Spine2-Interpolations"/>
      </sampler>
      <channel source="#mixamorig_Spine2-Matrix-animation-transform" target="mixamorig_Spine2/matrix"/>
    </animation>
    <animation id="mixamorig_Neck-anim" name="mixamorig_Neck">
      <source id="mixamorig_Neck-Matrix-animation-input">
        <float_array id="mixamorig_Neck-Matrix-animation-input-array" count="22">

0.000000 0.033333 0.066667 0.100000 0.133333 0.166667 0.200000 0.233333 0.266667 0.300000 0.333333 0.366667 0.400000 0.433333 0.466667 0.500000
0.533333 0.566667 0.600000 0.633333 0.666667 0.700000</float_array>
        <technique_common>
          <accessor source="#mixamorig_Neck-Matrix-animation-input-array" count="22">
            <param name="TIME" type="float"/>
          </accessor>
        </technique_common>
      </source>
      <source id="mixamorig_Neck-Matrix-animation-output-transform">
        <float_array id="mixamorig_Neck-Matrix-animation-output-transform-array" count="352">

0.998465 0.007577 -0.054863 0.000000 -0.006166 0.999647 0.025832 1.538800 0.055039 -0.025454 0.998160 0.000000 0.000000 0.000000 0.000000 1.000000
0.996896 0.019106 -0.076371 0.000000 -0.016979 0.999453 0.028395 1.538800 0.076872 -0.027010 0.996675 -0.000000 0.000000 0.000000 0.000000 1.000000
0.994094 0.009508 -0.108101 0.000000 -0.008395 0.999907 0.010743 1.538800 0.108194 -0.009772 0.994082 -0.000000 0.000000 0.000000 0.000000 1.000000
0.991785 0.010401 -0.127490 0.000000 -0.011432 0.999908 -0.007364 1.538800 0.127401 0.008761 0.991813 0.000000 0.000000 0.000000 0.000000 1.000000
0.989549 -0.007671 -0.143994 0.000000 0.000190 0.998652 -0.051897 1.538800 0.144198 0.051328 0.988217 0.000000 0.000000 0.000000 0.000000 1.000000
0.989677 -0.025513 -0.141025 0.000000 0.014158 0.996618 -0.080939 1.538800 0.142613 0.078107 0.986692 0.000000 0.000000 0.000000 0.000000 1.000000
0.991887 -0.007040 -0.126924 -0.000000 -0.001954 0.997503 -0.070596 1.538800 0.127104 0.070271 0.989397 0.000000 0.000000 0.000000 0.000000 1.000000
0.992798 -0.005584 -0.119669 0.000000 -0.001569 0.998221 -0.059594 1.538800 0.119789 0.059353 0.991024 -0.000000 0.000000 0.000000 0.000000 1.000000
0.993754 -0.023328 -0.109128 0.000000 0.020964 0.999521 -0.022757 1.538800 0.109607 0.020327 0.993767 -0.000000 0.000000 0.000000 0.000000 1.000000
0.996500 -0.027115 -0.079078 0.000000 0.027283 0.999627 0.001043 1.538800 0.079020 -0.003197 0.996868 0.000000 0.000000 0.000000 0.000000 1.000000
0.999161 -0.012875 -0.038886 0.000000 0.013263 0.999865 0.009739 1.538800 0.038755 -0.010246 0.999196 -0.000000 0.000000 0.000000 0.000000 1.000000
0.999112 -0.036681 -0.020743 0.000000 0.037466 0.998543 0.038824 1.538800 0.019289 -0.039567 0.999031 0.000000 0.000000 0.000000 0.000000 1.000000
0.999287 0.021230 0.031229 0.000000 -0.022003 0.999454 0.024637 1.538800 -0.030689 -0.025307 0.999209 -0.000000 0.000000 0.000000 0.000000 1.000000
0.997906 0.004524 0.064527 0.000000 -0.007781 0.998703 0.050314 1.538800 -0.064216 -0.050710 0.996647 -0.000000 0.000000 0.000000 0.000000 1.000000
0.996213 0.005410 0.086782 0.000000 -0.011319 0.997639 0.067744 1.538800 -0.086210 -0.068470 0.993921 0.000000 0.000000 0.000000 0.000000 1.000000
0.995232 0.013044 0.096661 0.000000 -0.020416 0.996923 0.075677 1.538800 -0.095377 -0.077289 0.992436 0.000000 0.000000 0.000000 0.000000 1.000000
0.995988 0.021531 0.086859 0.000000 -0.026140 0.998291 0.052276 1.538800 -0.085585 -0.054336 0.994848 0.000000 0.000000 0.000000 0.000000 1.000000
0.996209 0.031453 0.081110 0.000000 -0.034865 0.998551 0.040998 1.538800 -0.079703 -0.043671 0.995862 0.000000 0.000000 0.000000 0.000000 1.000000
0.995684 0.055416 0.074446 0.000000 -0.059163 0.997040 0.049103 1.538800 -0.071505 -0.053296 0.996015 0.000000 0.000000 0.000000 0.000000 1.000000
0.998210 0.047049 0.036931 0.000000 -0.049145 0.997101 0.058086 1.538800 -0.034091 -0.059797 0.997628 0.000000 0.000000 0.000000 0.000000 1.000000
0.999081 0.042798 -0.002178 -0.000000 -0.042635 0.997827 0.050239 1.538800 0.004323 -0.050100 0.998735 0.000000 0.000000 0.000000 0.000000 1.000000
0.998465 0.007577 -0.054863 0.000000 -0.006166 0.999647 0.025832 1.538800 0.055039 -0.025454 0.998160 0.000000 0.000000 0.000000 0.000000 1.000000</float_array>
        <technique_common>
          <accessor source="#mixamorig_Neck-Matrix-animation-output-transform-array" count="22" stride="16">
            <param type="float4x4"/>
          </accessor>
        </technique_common>
      </source>
      <source id="mixamorig_Neck-Interpolations">
        <Name_array id="mixamorig_Neck-Interpolations-array" count="22">
 LINEAR LINEAR LINEAR LINEAR LINEAR LINEAR LINEAR LINEAR LINEAR LINEAR LINEAR
LINEAR LINEAR LINEAR LINEAR LINEAR LINEAR LINEAR LINEAR LINEAR LINEAR LINEAR</Name_array>
        <technique_common>
          <accessor source="#mixamorig_Neck-Interpolations-array" count="22">
            <param type="name"/>
          </accessor>
        </technique_common>
      </source>
      <sampler id="mixamorig_Neck-Matrix-animation-transform">
        <input semantic="INPUT" source="#mixamorig_Neck-Matrix-animation-input"/>
        <input semantic="OUTPUT" source="#mixamorig_Neck-Matrix-animation-output-transform"/>
        <input semantic="INTERPOLATION" source="#mixamorig_Neck-Interpolations"/>
      </sampler>
      <channel source="#mixamorig_Neck-Matrix-animation-transform" target="mixamorig_Neck/matrix"/>
    </animation>
    <animation id="mixamorig_Head-anim" name="mixamorig_Head">
      <source id="mixamorig_Head-Matrix-animation-input">
        <float_array id="mixamorig_Head-Matrix-animation-input-array" count="22">

0.000000 0.033333 0.066667 0.100000 0.133333 0.166667 0.200000 0.233333 0.266667 0.300000 0.333333 0.366667 0.400000 0.433333 0.466667 0.500000
0.533333 0.566667 0.600000 0.633333 0.666667 0.700000</float_array>
        <technique_common>
          <accessor source="#mixamorig_Head-Matrix-animation-input-array" count="22">
            <param name="TIME" type="float"/>
          </accessor>
        </technique_common>
      </source>
      <source id="mixamorig_Head-Matrix-animation-output-transform">
        <float_array id="mixamorig_Head-Matrix-animation-output-transform-array" count="352">

0.987594 0.090815 -0.128108 0.000000 -0.057729 0.968649 0.241632 0.512100 0.146036 -0.231239 0.961874 0.128300 0.000000 0.000000 0.000000 1.000000
0.975794 0.083797 -0.201999 0.000000 -0.042689 0.978893 0.199864 0.512100 0.214483 -0.186403 0.958776 0.128300 0.000000 0.000000 0.000000 1.000000
0.957954 0.084561 -0.274178 0.000000 -0.037338 0.984198 0.173088 0.512100 0.284483 -0.155573 0.945974 0.128300 0.000000 0.000000 0.000000 1.000000
0.940384 0.052648 -0.336014 0.000000 -0.015806 0.993644 0.111451 0.512100 0.339746 -0.099496 0.935240 0.128300 0.000000 0.000000 0.000000 1.000000
0.931204 0.051046 -0.360907 0.000000 -0.014225 0.994480 0.103953 0.512100 0.364222 -0.091667 0.926790 0.128300 0.000000 0.000000 0.000000 1.000000
0.942001 0.065988 -0.329058 0.000000 -0.028124 0.992552 0.118530 0.512100 0.334429 -0.102401 0.936841 0.128300 0.000000 0.000000 0.000000 1.000000
0.944878 0.027019 -0.326307 0.000000 0.003491 0.995702 0.092554 0.512100 0.327405 -0.088592 0.940722 0.128300 0.000000 0.000000 0.000000 1.000000
0.945484 -0.009168 -0.325539 0.000000 0.043518 0.994196 0.098393 0.512100 0.322748 -0.107196 0.940395 0.128300 0.000000 0.000000 0.000000 1.000000
0.956296 -0.033052 -0.290527 -0.000000 0.074931 0.988114 0.134227 0.512100 0.282637 -0.150130 0.947406 0.128300 0.000000 0.000000 0.000000 1.000000
0.972242 -0.061276 -0.225809 0.000000 0.110912 0.970474 0.214192 0.512100 0.206017 -0.233292 0.950332 0.128300 0.000000 0.000000 0.000000 1.000000
0.984650 -0.083841 -0.153087 -0.000000 0.121702 0.958489 0.257850 0.512100 0.125114 -0.272523 0.953980 0.128300 0.000000 0.000000 0.000000 1.000000
0.996402 -0.054169 -0.065186 0.000000 0.069100 0.964549 0.254695 0.512100 0.049078 -0.258283 0.964822 0.128300 0.000000 0.000000 0.000000 1.000000
0.998550 -0.053496 0.005990 0.000000 0.050330 0.967300 0.248591 0.512100 -0.019092 -0.247929 0.968590 0.128300 0.000000 0.000000 0.000000 1.000000
0.991852 -0.027532 0.124383 -0.000000 0.005422 0.984607 0.174701 0.512100 -0.127278 -0.172604 0.976733 0.128300 0.000000 0.000000 0.000000 1.000000
0.982253 -0.006467 0.187448 0.000000 -0.024852 0.986105 0.164251 0.512100 -0.185906 -0.165995 0.968445 0.128300 0.000000 0.000000 0.000000 1.000000
0.978103 -0.001826 0.208116 0.000000 -0.036766 0.982719 0.181417 0.512100 -0.204850 -0.185096 0.961133 0.128300 0.000000 0.000000 0.000000 1.000000
0.980500 0.033285 0.193679 0.000000 -0.072698 0.977071 0.200120 0.512100 -0.182577 -0.210298 0.960438 0.128300 0.000000 0.000000 0.000000 1.000000
0.982984 0.052703 0.175966 0.000000 -0.088757 0.974980 0.203804 0.512100 -0.160822 -0.215954 0.963068 0.128300 0.000000 0.000000 0.000000 1.000000
0.992033 0.037551 0.120252 -0.000000 -0.063202 0.974074 0.217224 0.512100 -0.108977 -0.223094 0.968686 0.128300 0.000000 0.000000 0.000000 1.000000
0.996762 0.064214 0.048392 0.000000 -0.074679 0.962409 0.261135 0.512100 -0.029804 -0.263903 0.964089 0.128300 0.000000 0.000000 0.000000 1.000000
0.996117 0.077053 -0.042592 0.000000 -0.063277 0.962947 0.262160 0.512100 0.061214 -0.258447 0.964084 0.128300 0.000000 0.000000 0.000000 1.000000
0.987594 0.090815 -0.128108 0.000000 -0.057729 0.968649 0.241632 0.512100 0.146036 -0.231239 0.961874 0.128300 0.000000 0.000000 0.000000 1.000000</float_array>
        <technique_common>
          <accessor source="#mixamorig_Head-Matrix-animation-output-transform-array" count="22" stride="16">
            <param type="float4x4"/>
          </accessor>
        </technique_common>
      </source>
      <source id="mixamorig_Head-Interpolations">
        <Name_array id="mixamorig_Head-Interpolations-array" count="22">
 LINEAR LINEAR LINEAR LINEAR LINEAR LINEAR LINEAR LINEAR LINEAR LINEAR LINEAR
LINEAR LINEAR LINEAR LINEAR LINEAR LINEAR LINEAR LINEAR LINEAR LINEAR LINEAR</Name_array>
        <technique_common>
          <accessor source="#mixamorig_Head-Interpolations-array" count="22">
            <param type="name"/>
          </accessor>
        </technique_common>
      </source>
      <sampler id="mixamorig_Head-Matrix-animation-transform">
        <input semantic="INPUT" source="#mixamorig_Head-Matrix-animation-input"/>
        <input semantic="OUTPUT" source="#mixamorig_Head-Matrix-animation-output-transform"/>
        <input semantic="INTERPOLATION" source="#mixamorig_Head-Interpolations"/>
      </sampler>
      <channel source="#mixamorig_Head-Matrix-animation-transform" target="mixamorig_Head/matrix"/>
    </animation>
    <animation id="mixamorig_LeftShoulder-anim" name="mixamorig_LeftShoulder">
      <source id="mixamorig_LeftShoulder-Matrix-animation-input">
        <float_array id="mixamorig_LeftShoulder-Matrix-animation-input-array" count="22">

0.000000 0.033333 0.066667 0.100000 0.133333 0.166667 0.200000 0.233333 0.266667 0.300000 0.333333 0.366667 0.400000 0.433333 0.466667 0.500000
0.533333 0.566667 0.600000 0.633333 0.666667 0.700000</float_array>
        <technique_common>
          <accessor source="#mixamorig_LeftShoulder-Matrix-animation-input-array" count="22">
            <param name="TIME" type="float"/>
          </accessor>
        </technique_common>
      </source>
      <source id="mixamorig_LeftShoulder-Matrix-animation-output-transform">
        <float_array id="mixamorig_LeftShoulder-Matrix-animation-output-transform-array" count="352">

-0.024503 0.912738 -0.407811 0.577200 0.025424 -0.407233 -0.912971 1.390300 -0.999376 -0.032738 -0.013227 -0.016600 0.000000 0.000000 0.000000 1.000000
-0.038647 0.916714 -0.397670 0.577200 0.025980 -0.396911 -0.917489 1.390300 -0.998915 -0.045790 -0.008477 -0.016600 0.000000 0.000000 0.000000 1.000000
-0.054760 0.921451 -0.384617 0.577200 0.026257 -0.383732 -0.923071 1.390300 -0.998154 -0.060646 -0.003181 -0.016600 0.000000 0.000000 0.000000 1.000000
-0.070436 0.925818 -0.371349 0.577200 0.026040 -0.370441 -0.928491 1.390300 -0.997176 -0.075069 0.001984 -0.016600 0.000000 0.000000 0.000000 1.000000
-0.081917 0.928417 -0.362398 0.577200 0.025525 -0.361546 -0.932005 1.390300 -0.996312 -0.085597 0.005919 -0.016600 0.000000 0.000000 0.000000 1.000000
-0.084376 0.927735 -0.363577 0.577200 0.025333 -0.362763 -0.931537 1.390300 -0.996112 -0.087810 0.007106 -0.016600 0.000000 0.000000 0.000000 1.000000
-0.074115 0.922949 -0.377720 0.577200 0.025762 -0.376864 -0.925910 1.390300 -0.996917 -0.078355 0.004154 -0.016600 0.000000 0.000000 0.000000 1.000000
-0.050883 0.914719 -0.400874 0.577200 0.026059 -0.400041 -0.916127 1.390300 -0.998365 -0.057062 -0.003482 -0.016600 0.000000 0.000000 0.000000 1.000000
-0.018695 0.905694 -0.423520 0.577200 0.025260 -0.423031 -0.905763 1.390300 -0.999506 -0.027631 -0.014970 -0.016600 0.000000 0.000000 0.000000 1.000000
0.015486 0.899335 -0.436987 0.577200 0.023689 -0.437246 -0.899030 1.390300 -0.999599 0.003571 -0.028075 -0.016600 0.000000 0.000000 0.000000 1.000000
0.043948 0.897232 -0.439366 0.577200 0.022603 -0.440572 -0.897433 1.390300 -0.998778 0.029509 -0.039642 -0.016600 0.000000 0.000000 0.000000 1.000000
0.060584 0.898045 -0.435711 0.577200 0.022514 -0.437632 -0.898872 1.390300 -0.997909 0.044647 -0.046732 -0.016600 0.000000 0.000000 0.000000 1.000000
0.063928 0.899266 -0.432705 0.577200 0.022829 -0.434797 -0.900239 1.390300 -0.997693 0.047672 -0.048325 -0.016600 0.000000 0.000000 0.000000 1.000000
0.058745 0.899331 -0.433305 0.577200 0.022977 -0.435157 -0.900061 1.390300 -0.998009 0.042918 -0.046227 -0.016600 0.000000 0.000000 0.000000 1.000000
0.052918 0.898189 -0.436414 0.577200 0.022888 -0.438002 -0.898682 1.390300 -0.998337 0.037567 -0.043736 -0.016600 0.000000 0.000000 0.000000 1.000000
0.051449 0.896500 -0.440047 0.577200 0.022634 -0.441564 -0.896944 1.390300 -0.998419 0.036187 -0.043009 -0.016600 0.000000 0.000000 0.000000 1.000000
0.053380 0.894844 -0.443175 0.577200 0.022305 -0.444766 -0.895369 1.390300 -0.998325 0.037910 -0.043701 -0.016600 0.000000 0.000000 0.000000 1.000000
0.053678 0.894144 -0.444551 0.577200 0.022165 -0.446150 -0.894684 1.390300 -0.998312 0.038171 -0.043767 -0.016600 0.000000 0.000000 0.000000 1.000000
0.047274 0.895878 -0.441779 0.577200 0.022590 -0.443119 -0.896178 1.390300 -0.998626 0.032386 -0.041186 -0.016600 0.000000 0.000000 0.000000 1.000000
0.031601 0.900706 -0.433279 0.577200 0.023630 -0.434048 -0.900580 1.390300 -0.999221 0.018220 -0.035000 -0.016600 0.000000 0.000000 0.000000 1.000000
0.006990 0.907209 -0.420622 0.577200 0.024764 -0.420661 -0.906880 1.390300 -0.999669 -0.004077 -0.025406 -0.016600 0.000000 0.000000 0.000000 1.000000
-0.024503 0.912738 -0.407811 0.577200 0.025424 -0.407233 -0.912971 1.390300 -0.999376 -0.032738 -0.013227 -0.016600 0.000000 0.000000 0.000000 1.000000</float_array>
        <technique_common>
          <accessor source="#mixamorig_LeftShoulder-Matrix-animation-output-transform-array" count="22" stride="16">
            <param type="float4x4"/>
          </accessor>
        </technique_common>
      </source>
      <source id="mixamorig_LeftShoulder-Interpolations">
        <Name_array id="mixamorig_LeftShoulder-Interpolations-array" count="22">
 LINEAR LINEAR LINEAR LINEAR LINEAR LINEAR LINEAR LINEAR LINEAR LINEAR LINEAR
LINEAR LINEAR LINEAR LINEAR LINEAR LINEAR LINEAR LINEAR LINEAR LINEAR LINEAR</Name_array>
        <technique_common>
          <accessor source="#mixamorig_LeftShoulder-Interpolations-array" count="22">
            <param type="name"/>
          </accessor>
        </technique_common>
      </source>
      <sampler id="mixamorig_LeftShoulder-Matrix-animation-transform">
        <input semantic="INPUT" source="#mixamorig_LeftShoulder-Matrix-animation-input"/>
        <input semantic="OUTPUT" source="#mixamorig_LeftShoulder-Matrix-animation-output-transform"/>
        <input semantic="INTERPOLATION" source="#mixamorig_LeftShoulder-Interpolations"/>
      </sampler>
      <channel source="#mixamorig_LeftShoulder-Matrix-animation-transform" target="mixamorig_LeftShoulder/matrix"/>
    </animation>
    <animation id="mixamorig_LeftArm-anim" name="mixamorig_LeftArm">
      <source id="mixamorig_LeftArm-Matrix-animation-input">
        <float_array id="mixamorig_LeftArm-Matrix-animation-input-array" count="22">

0.000000 0.033333 0.066667 0.100000 0.133333 0.166667 0.200000 0.233333 0.266667 0.300000 0.333333 0.366667 0.400000 0.433333 0.466667 0.500000
0.533333 0.566667 0.600000 0.633333 0.666667 0.700000</float_array>
        <technique_common>
          <accessor source="#mixamorig_LeftArm-Matrix-animation-input-array" count="22">
            <param name="TIME" type="float"/>
          </accessor>
        </technique_common>
      </source>
      <source id="mixamorig_LeftArm-Matrix-animation-output-transform">
        <float_array id="mixamorig_LeftArm-Matrix-animation-output-transform-array" count="352">

0.846168 0.514500 -0.138889 0.000000 -0.444503 0.537628 -0.716501 1.192700 -0.293969 0.668016 0.683620 0.000000 0.000000 0.000000 0.000000 1.000000
0.824724 0.551844 -0.123686 0.000000 -0.477617 0.562534 -0.674861 1.192700 -0.302841 0.615649 0.727505 -0.000000 0.000000 0.000000 0.000000 1.000000
0.814815 0.574474 -0.077818 -0.000000 -0.487254 0.605923 -0.628841 1.192700 -0.314101 0.550306 0.773630 0.000000 0.000000 0.000000 0.000000 1.000000
0.811689 0.583760 -0.019628 -0.000000 -0.483829 0.653154 -0.582494 1.192700 -0.327217 0.482300 0.812598 0.000000 0.000000 0.000000 0.000000 1.000000
0.811612 0.583333 0.031743 0.000000 -0.475369 0.691029 -0.544521 1.192700 -0.339573 0.426850 0.838146 -0.000000 0.000000 0.000000 0.000000 1.000000
0.820475 0.568492 0.060304 0.000000 -0.459933 0.719060 -0.520975 1.192700 -0.339532 0.399711 0.851439 0.000000 0.000000 0.000000 0.000000 1.000000
0.851546 0.520984 0.058699 0.000000 -0.422921 0.748766 -0.510380 1.192700 -0.309851 0.409787 0.857944 0.000000 0.000000 0.000000 0.000000 1.000000
0.905440 0.423501 0.028729 -0.000000 -0.349828 0.782835 -0.514578 1.192700 -0.240414 0.455869 0.856962 0.000000 0.000000 0.000000 0.000000 1.000000
0.958941 0.283088 -0.017116 0.000000 -0.246322 0.801450 -0.544980 1.192700 -0.140560 0.526820 0.838274 0.000000 0.000000 0.000000 0.000000 1.000000
0.988660 0.138463 -0.058139 0.000000 -0.145420 0.786068 -0.600791 1.192700 -0.037486 0.602432 0.797289 0.000000 0.000000 0.000000 0.000000 1.000000
