<?xml version="1.0" encoding="utf-8"?>
<COLLADA xmlns="http://www.collada.org/2005/11/COLLADASchema" version="1.4.1">
  <asset>
    <contributor>
      <author>Mixamo</author>
      <authoring_tool>COLLADA Mixamo exporter</authoring_tool>
    </contributor>
    <created>2025-06-09T17:53:24Z</created>
    <modified>2025-06-09T17:53:24Z</modified>
    <unit meter="0.010000"/>
    <up_axis>Y_UP</up_axis>
  </asset>
  <library_animations>
    <animation id="mixamorig_Hips-anim" name="mixamorig_Hips">
      <source id="mixamorig_Hips-Matrix-animation-input">
        <float_array id="mixamorig_Hips-Matrix-animation-input-array" count="320">

0.000000 0.033333 0.066667 0.100000 0.133333 0.166667 0.200000 0.233333 0.266667 0.300000 0.333333 0.366667 0.400000 0.433333 0.466667 0.500000
0.533333 0.566667 0.600000 0.633333 0.666667 0.700000 0.733333 0.766667 0.800000 0.833333 0.866667 0.900000 0.933333 0.966667 1.000000 1.033333
1.066667 1.100000 1.133333 1.166667 1.200000 1.233333 1.266667 1.300000 1.333333 1.366667 1.400000 1.433333 1.466667 1.500000 1.533333 1.566667
1.600000 1.633333 1.666667 1.700000 1.733333 1.766667 1.800000 1.833333 1.866667 1.900000 1.933333 1.966667 2.000000 2.033333 2.066667 2.100000
2.133333 2.166667 2.200000 2.233333 2.266667 2.300000 2.333333 2.366667 2.400000 2.433333 2.466667 2.500000 2.533333 2.566667 2.600000 2.633333
2.666667 2.700000 2.733333 2.766667 2.800000 2.833333 2.866667 2.900000 2.933333 2.966667 3.000000 3.033333 3.066667 3.100000 3.133333 3.166667
3.200000 3.233333 3.266667 3.300000 3.333333 3.366667 3.400000 3.433333 3.466667 3.500000 3.533333 3.566667 3.600000 3.633333 3.666667 3.700000
3.733333 3.766667 3.800000 3.833333 3.866667 3.900000 3.933333 3.966667 4.000000 4.033333 4.066667 4.100000 4.133333 4.166667 4.200000 4.233333
4.266667 4.300000 4.333333 4.366667 4.400000 4.433333 4.466667 4.500000 4.533333 4.566667 4.600000 4.633333 4.666667 4.700000 4.733333 4.766667
4.800000 4.833333 4.866667 4.900000 4.933333 4.966667 5.000000 5.033333 5.066667 5.100000 5.133333 5.166667 5.200000 5.233333 5.266667 5.300000
5.333333 5.366667 5.400000 5.433333 5.466667 5.500000 5.533333 5.566667 5.600000 5.633333 5.666667 5.700000 5.733333 5.766667 5.800000 5.833333
5.866667 5.900000 5.933333 5.966667 6.000000 6.033333 6.066667 6.100000 6.133333 6.166667 6.200000 6.233333 6.266667 6.300000 6.333333 6.366667
6.400000 6.433333 6.466667 6.500000 6.533333 6.566667 6.600000 6.633333 6.666667 6.700000 6.733333 6.766667 6.800000 6.833333 6.866667 6.900000
6.933333 6.966667 7.000000 7.033333 7.066667 7.100000 7.133333 7.166667 7.200000 7.233333 7.266667 7.300000 7.333333 7.366667 7.400000 7.433333
7.466667 7.500000 7.533333 7.566667 7.600000 7.633333 7.666667 7.700000 7.733333 7.766667 7.800000 7.833333 7.866667 7.900000 7.933333 7.966667
8.000000 8.033333 8.066667 8.100000 8.133333 8.166667 8.200000 8.233333 8.266667 8.300000 8.333333 8.366667 8.400000 8.433333 8.466667 8.500000
8.533333 8.566667 8.600000 8.633333 8.666667 8.700000 8.733333 8.766667 8.800000 8.833333 8.866667 8.900000 8.933333 8.966667 9.000000 9.033333
9.066667 9.100000 9.133333 9.166667 9.200000 9.233333 9.266667 9.300000 9.333333 9.366667 9.400000 9.433333 9.466667 9.500000 9.533333 9.566667
9.600000 9.633333 9.666667 9.700000 9.733333 9.766667 9.800000 9.833333 9.866667 9.900000 9.933333 9.966667 10.000000 10.033333 10.066667 10.100000
10.133333 10.166667 10.200000 10.233333 10.266667 10.300000 10.333333 10.366667 10.400000 10.433333 10.466667 10.500000 10.533333 10.566667 10.600000 10.633333</float_array>
        <technique_common>
          <accessor source="#mixamorig_Hips-Matrix-animation-input-array" count="320">
            <param name="TIME" type="float"/>
          </accessor>
        </technique_common>
      </source>
      <source id="mixamorig_Hips-Matrix-animation-output-transform">
        <float_array id="mixamorig_Hips-Matrix-animation-output-transform-array" count="5120">

0.996115 -0.049008 -0.073168 -0.011927 0.057901 0.990486 0.124837 8.885550 0.066354 -0.128588 0.989476 0.041394 0.000000 0.000000 0.000000 1.000000
0.995934 -0.049039 -0.075572 -0.010270 0.058243 0.990466 0.124836 8.885559 0.068730 -0.128730 0.989295 0.039898 0.000000 0.000000 0.000000 1.000000
0.995812 -0.049085 -0.077133 -0.008866 0.058490 0.990452 0.124836 8.885760 0.070269 -0.128825 0.989175 0.038287 0.000000 0.000000 0.000000 1.000000
0.995730 -0.049142 -0.078147 -0.007661 0.058678 0.990441 0.124835 8.886101 0.071266 -0.128888 0.989095 0.036600 0.000000 0.000000 0.000000 1.000000
0.995667 -0.049199 -0.078913 -0.006599 0.058838 0.990424 0.124894 8.886539 0.072013 -0.128996 0.989027 0.034869 0.000000 0.000000 0.000000 1.000000
0.995599 -0.049252 -0.079729 -0.005627 0.059005 0.990400 0.125002 8.887019 0.072807 -0.129156 0.988948 0.033137 0.000000 0.000000 0.000000 1.000000
0.995503 -0.049308 -0.080892 -0.004691 0.059215 0.990383 0.125044 8.887493 0.073948 -0.129271 0.988848 0.031458 0.000000 0.000000 0.000000 1.000000
0.995352 -0.049357 -0.082700 -0.003736 0.059499 0.990366 0.125039 8.887908 0.075731 -0.129378 0.988699 0.029871 0.000000 0.000000 0.000000 1.000000
0.995117 -0.049400 -0.085450 -0.002707 0.059892 0.990356 0.124930 8.888210 0.078455 -0.129438 0.988479 0.028423 0.000000 0.000000 0.000000 1.000000
0.994764 -0.049438 -0.089441 -0.001552 0.060427 0.990359 0.124651 8.888352 0.082416 -0.129403 0.988161 0.027163 0.000000 0.000000 0.000000 1.000000
0.994251 -0.049465 -0.094969 -0.000210 0.061134 0.990374 0.124183 8.888282 0.087912 -0.129274 0.987704 0.026134 0.000000 0.000000 0.000000 1.000000
0.993519 -0.049482 -0.102329 0.001370 0.062045 0.990405 0.123484 8.887949 0.095237 -0.129033 0.987057 0.025379 0.000000 0.000000 0.000000 1.000000
0.992501 -0.049489 -0.111770 0.003300 0.063185 0.990453 0.122521 8.887278 0.104639 -0.128664 0.986152 0.024932 0.000000 0.000000 0.000000 1.000000
0.991158 -0.049489 -0.123112 0.005924 0.064526 0.990514 0.121317 8.886086 0.115940 -0.128189 0.984950 0.024773 0.000000 0.000000 0.000000 1.000000
0.989458 -0.049487 -0.136103 0.009174 0.066035 0.990588 0.119895 8.884410 0.128888 -0.127619 0.983413 0.024861 0.000000 0.000000 0.000000 1.000000
0.987369 -0.049486 -0.150514 0.012909 0.067681 0.990672 0.118271 8.882318 0.143257 -0.126964 0.981508 0.025155 0.000000 0.000000 0.000000 1.000000
0.984864 -0.049491 -0.166116 0.016987 0.069431 0.990765 0.116463 8.879878 0.158818 -0.126234 0.979205 0.025612 0.000000 0.000000 0.000000 1.000000
0.981926 -0.049503 -0.182677 0.021270 0.071253 0.990866 0.114489 8.877155 0.175341 -0.125436 0.976484 0.026195 0.000000 0.000000 0.000000 1.000000
0.978550 -0.049525 -0.199967 0.025621 0.073117 0.990973 0.112371 8.874208 0.192597 -0.124582 0.973337 0.026867 0.000000 0.000000 0.000000 1.000000
0.974744 -0.049557 -0.217756 0.029901 0.074991 0.991084 0.110131 8.871096 0.210357 -0.123680 0.969770 0.027592 0.000000 0.000000 0.000000 1.000000
0.970531 -0.049600 -0.235817 0.033975 0.076847 0.991199 0.107793 8.867870 0.228395 -0.122739 0.965801 0.028338 0.000000 0.000000 0.000000 1.000000
0.965948 -0.049655 -0.253927 0.037707 0.078662 0.991316 0.105383 8.864602 0.246489 -0.121769 0.961465 0.029066 0.000000 0.000000 0.000000 1.000000
0.961049 -0.049735 -0.271868 0.040987 0.080424 0.991432 0.102928 8.861408 0.264419 -0.120783 0.956814 0.029721 0.000000 0.000000 0.000000 1.000000
0.955761 -0.049883 -0.289883 0.042315 0.082172 0.991558 0.100301 8.857934 0.282432 -0.119684 0.951792 0.030434 0.000000 0.000000 0.000000 1.000000
0.950082 -0.050142 -0.307945 0.042125 0.083922 0.991697 0.097443 8.853996 0.300502 -0.118422 0.946401 0.031320 0.000000 0.000000 0.000000 1.000000
0.944293 -0.050513 -0.325207 0.041867 0.085609 0.991835 0.094521 8.849945 0.317777 -0.117096 0.940907 0.032266 0.000000 0.000000 0.000000 1.000000
0.938431 -0.050988 -0.341685 0.041553 0.087228 0.991973 0.091542 8.845779 0.334275 -0.115710 0.935346 0.033272 0.000000 0.000000 0.000000 1.000000
0.932529 -0.051555 -0.357395 0.041195 0.088772 0.992111 0.088513 8.841503 0.350013 -0.114268 0.929749 0.034337 0.000000 0.000000 0.000000 1.000000
0.926621 -0.052203 -0.372355 0.040809 0.090235 0.992249 0.085443 8.837118 0.365008 -0.112773 0.924149 0.035463 0.000000 0.000000 0.000000 1.000000
0.920736 -0.052921 -0.386580 0.040410 0.091611 0.992385 0.082341 8.832623 0.379278 -0.111230 0.918573 0.036655 0.000000 0.000000 0.000000 1.000000
0.914904 -0.053698 -0.400085 0.040022 0.092894 0.992520 0.079216 8.828018 0.392838 -0.109641 0.913048 0.037935 0.000000 0.000000 0.000000 1.000000
0.909149 -0.054524 -0.412886 0.039643 0.094082 0.992653 0.076077 8.823305 0.405704 -0.108011 0.907600 0.039275 0.000000 0.000000 0.000000 1.000000
0.903497 -0.055399 -0.425000 0.039304 0.095182 0.992785 0.072933 8.818533 0.417893 -0.106347 0.902251 0.040658 0.000000 0.000000 0.000000 1.000000
0.897967 -0.056324 -0.436443 0.039035 0.096201 0.992912 0.069794 8.813760 0.429419 -0.104659 0.897021 0.042069 0.000000 0.000000 0.000000 1.000000
0.892582 -0.057287 -0.447231 0.038842 0.097138 0.993036 0.066667 8.808983 0.440297 -0.102949 0.891930 0.043506 0.000000 0.000000 0.000000 1.000000
0.887360 -0.058278 -0.457380 0.038737 0.097990 0.993155 0.063564 8.804200 0.450545 -0.101223 0.886997 0.044966 0.000000 0.000000 0.000000 1.000000
0.882318 -0.059286 -0.466904 0.038732 0.098753 0.993272 0.060493 8.799404 0.460176 -0.099482 0.882237 0.046449 0.000000 0.000000 0.000000 1.000000
0.877473 -0.060298 -0.475820 0.038837 0.099423 0.993385 0.057462 8.794596 0.469207 -0.097729 0.877664 0.047954 0.000000 0.000000 0.000000 1.000000
0.872838 -0.061307 -0.484144 0.039062 0.100000 0.993495 0.054480 8.789770 0.477654 -0.095967 0.873291 0.049479 0.000000 0.000000 0.000000 1.000000
0.868424 -0.062303 -0.491893 0.039422 0.100486 0.993602 0.051555 8.784943 0.485533 -0.094200 0.869128 0.051017 0.000000 0.000000 0.000000 1.000000
0.864237 -0.063300 -0.499086 0.039948 0.100903 0.993704 0.048694 8.780209 0.492861 -0.092442 0.865183 0.052538 0.000000 0.000000 0.000000 1.000000
0.860286 -0.064295 -0.505742 0.040663 0.101258 0.993801 0.045903 8.775611 0.499655 -0.090700 0.861463 0.054032 0.000000 0.000000 0.000000 1.000000
0.856574 -0.065281 -0.511879 0.041585 0.101555 0.993892 0.043188 8.771151 0.505933 -0.088978 0.857971 0.055493 0.000000 0.000000 0.000000 1.000000
0.853106 -0.066255 -0.517514 0.042728 0.101797 0.993978 0.040556 8.766855 0.511711 -0.087280 0.854713 0.056912 0.000000 0.000000 0.000000 1.000000
0.849883 -0.067211 -0.522668 0.044110 0.101988 0.994059 0.038010 8.762739 0.517008 -0.085610 0.851689 0.058283 0.000000 0.000000 0.000000 1.000000
0.846907 -0.068144 -0.527357 0.045744 0.102132 0.994135 0.035557 8.758820 0.521841 -0.083973 0.848899 0.059599 0.000000 0.000000 0.000000 1.000000
0.844176 -0.069031 -0.531603 0.047649 0.102206 0.994209 0.033199 8.755104 0.526232 -0.082358 0.846343 0.060852 0.000000 0.000000 0.000000 1.000000
0.841688 -0.069877 -0.535423 0.049841 0.102226 0.994280 0.030939 8.751623 0.530198 -0.080775 0.844017 0.062036 0.000000 0.000000 0.000000 1.000000
0.839438 -0.070703 -0.538837 0.052331 0.102225 0.994345 0.028781 8.748396 0.533755 -0.079243 0.841918 0.063144 0.000000 0.000000 0.000000 1.000000
0.837418 -0.071505 -0.541865 0.055134 0.102204 0.994404 0.026728 8.745436 0.536922 -0.077763 0.840040 0.064168 0.000000 0.000000 0.000000 1.000000
0.835624 -0.072280 -0.544526 0.058263 0.102166 0.994459 0.024780 8.742764 0.539717 -0.076338 0.838378 0.065099 0.000000 0.000000 0.000000 1.000000
0.834048 -0.073024 -0.546838 0.061732 0.102113 0.994508 0.022939 8.740667 0.542159 -0.074971 0.836924 0.065933 0.000000 0.000000 0.000000 1.000000
0.832683 -0.073732 -0.548820 0.065561 0.102043 0.994554 0.021207 8.738731 0.544267 -0.073662 0.835672 0.066662 0.000000 0.000000 0.000000 1.000000
0.831521 -0.074378 -0.550491 0.069729 0.101930 0.994599 0.019584 8.736929 0.546061 -0.072396 0.834611 0.067265 0.000000 0.000000 0.000000 1.000000
0.830555 -0.074950 -0.551870 0.074006 0.101765 0.994644 0.018072 8.735229 0.547560 -0.071170 0.833734 0.067454 0.000000 0.000000 0.000000 1.000000
0.829774 -0.075465 -0.552974 0.078337 0.101573 0.994688 0.016670 8.733609 0.548778 -0.069999 0.833032 0.067630 0.000000 0.000000 0.000000 1.000000
0.829168 -0.075921 -0.553819 0.082709 0.101352 0.994732 0.015379 8.732037 0.549734 -0.068883 0.832495 0.067790 0.000000 0.000000 0.000000 1.000000
0.828728 -0.076313 -0.554424 0.087111 0.101104 0.994774 0.014201 8.730480 0.550443 -0.067823 0.832113 0.067933 0.000000 0.000000 0.000000 1.000000
0.828444 -0.076640 -0.554803 0.091528 0.100828 0.994817 0.013135 8.729115 0.550921 -0.066821 0.831878 0.068059 0.000000 0.000000 0.000000 1.000000
0.828307 -0.076898 -0.554973 0.095948 0.100522 0.994860 0.012181 8.727825 0.551183 -0.065877 0.831779 0.068163 0.000000 0.000000 0.000000 1.000000
0.828362 -0.077092 -0.554864 0.100361 0.100194 0.994903 0.011351 8.726606 0.551161 -0.064996 0.831864 0.068246 0.000000 0.000000 0.000000 1.000000
0.828543 -0.077255 -0.554570 0.104505 0.099903 0.994940 0.010656 8.725487 0.550941 -0.064232 0.832069 0.068274 0.000000 0.000000 0.000000 1.000000
0.828520 -0.077387 -0.554586 0.108143 0.099672 0.994969 0.010067 8.724500 0.551017 -0.063617 0.832066 0.068201 0.000000 0.000000 0.000000 1.000000
0.827937 -0.077410 -0.555453 0.110748 0.099514 0.994989 0.009667 8.723858 0.551921 -0.063279 0.831492 0.067924 0.000000 0.000000 0.000000 1.000000
0.827257 -0.077416 -0.556465 0.113133 0.099378 0.995006 0.009312 8.723277 0.552965 -0.063004 0.830819 0.067602 0.000000 0.000000 0.000000 1.000000
0.826485 -0.077407 -0.557612 0.115324 0.099260 0.995021 0.008995 8.722752 0.554140 -0.062783 0.830053 0.067242 0.000000 0.000000 0.000000 1.000000
0.825627 -0.077383 -0.558885 0.117350 0.099155 0.995034 0.008708 8.722278 0.555435 -0.062606 0.829200 0.066849 0.000000 0.000000 0.000000 1.000000
0.824690 -0.077342 -0.560272 0.119245 0.099056 0.995046 0.008445 8.721851 0.556843 -0.062463 0.828266 0.066429 0.000000 0.000000 0.000000 1.000000
0.823680 -0.077286 -0.561764 0.121036 0.098958 0.995058 0.008199 8.721466 0.558354 -0.062344 0.827257 0.065989 0.000000 0.000000 0.000000 1.000000
0.822601 -0.077216 -0.563351 0.122753 0.098858 0.995070 0.007962 8.721120 0.559959 -0.062241 0.826179 0.065535 0.000000 0.000000 0.000000 1.000000
0.821462 -0.077130 -0.565022 0.124429 0.098748 0.995082 0.007728 8.720804 0.561648 -0.062143 0.825039 0.065073 0.000000 0.000000 0.000000 1.000000
0.820268 -0.077032 -0.566768 0.126090 0.098625 0.995096 0.007489 8.720518 0.563412 -0.062041 0.823843 0.064608 0.000000 0.000000 0.000000 1.000000
0.819025 -0.076919 -0.568578 0.127767 0.098482 0.995112 0.007239 8.720260 0.565243 -0.061924 0.822597 0.064148 0.000000 0.000000 0.000000 1.000000
0.817739 -0.076793 -0.570443 0.129487 0.098315 0.995131 0.006971 8.720021 0.567130 -0.061783 0.821308 0.063696 0.000000 0.000000 0.000000 1.000000
0.816417 -0.076653 -0.572352 0.131283 0.098116 0.995153 0.006678 8.719800 0.569066 -0.061609 0.819981 0.063261 0.000000 0.000000 0.000000 1.000000
0.814750 -0.076414 -0.574755 0.133087 0.097801 0.995186 0.006328 8.719764 0.571504 -0.061367 0.818301 0.062833 0.000000 0.000000 0.000000 1.000000
0.813033 -0.076150 -0.577216 0.135117 0.097411 0.995227 0.005911 8.719744 0.574011 -0.061033 0.816570 0.062451 0.000000 0.000000 0.000000 1.000000
0.811278 -0.075861 -0.579719 0.137429 0.096935 0.995276 0.005414 8.719734 0.576570 -0.060588 0.814799 0.062131 0.000000 0.000000 0.000000 1.000000
0.809497 -0.075540 -0.582245 0.140083 0.096061 0.995366 0.004415 8.719710 0.579213 -0.059505 0.813002 0.062175 0.000000 0.000000 0.000000 1.000000
0.807701 -0.075195 -0.584777 0.143119 0.095097 0.995462 0.003344 8.719678 0.581872 -0.058312 0.811187 0.062279 0.000000 0.000000 0.000000 1.000000
0.805903 -0.074828 -0.587300 0.146592 0.094047 0.995565 0.002209 8.719639 0.584530 -0.057014 0.809366 0.062442 0.000000 0.000000 0.000000 1.000000
0.804104 -0.074436 -0.589811 0.150548 0.092914 0.995674 0.001014 8.719584 0.587183 -0.055618 0.807541 0.062659 0.000000 0.000000 0.000000 1.000000
0.802261 -0.074022 -0.592366 0.154981 0.091702 0.995786 -0.000237 8.719530 0.589888 -0.054131 0.805669 0.062922 0.000000 0.000000 0.000000 1.000000
0.800374 -0.073584 -0.594968 0.159846 0.090415 0.995903 -0.001540 8.719477 0.592644 -0.052561 0.803748 0.063227 0.000000 0.000000 0.000000 1.000000
0.798443 -0.073123 -0.597614 0.165095 0.089056 0.996022 -0.002889 8.719432 0.595448 -0.050914 0.801779 0.063570 0.000000 0.000000 0.000000 1.000000
0.796469 -0.072640 -0.600300 0.170683 0.087628 0.996144 -0.004277 8.719411 0.598296 -0.049196 0.799763 0.063947 0.000000 0.000000 0.000000 1.000000
0.794454 -0.072136 -0.603025 0.176562 0.086135 0.996267 -0.005698 8.719403 0.601185 -0.047415 0.797702 0.064353 0.000000 0.000000 0.000000 1.000000
0.792401 -0.071610 -0.605783 0.182686 0.084580 0.996391 -0.007147 8.719423 0.604109 -0.045574 0.795598 0.064787 0.000000 0.000000 0.000000 1.000000
0.790308 -0.071064 -0.608574 0.189007 0.082970 0.996515 -0.008617 8.719479 0.607066 -0.043683 0.793450 0.065241 0.000000 0.000000 0.000000 1.000000
0.788179 -0.070500 -0.611395 0.195477 0.081309 0.996638 -0.010103 8.719581 0.610051 -0.041749 0.791261 0.065713 0.000000 0.000000 0.000000 1.000000
0.786015 -0.069919 -0.614241 0.202048 0.079602 0.996759 -0.011599 8.719731 0.613062 -0.039778 0.789033 0.066197 0.000000 0.000000 0.000000 1.000000
0.783816 -0.069322 -0.617112 0.208675 0.077852 0.996879 -0.013099 8.719941 0.616094 -0.037776 0.786766 0.066690 0.000000 0.000000 0.000000 1.000000
0.781584 -0.068709 -0.620004 0.215309 0.076065 0.996996 -0.014598 8.720215 0.619145 -0.035751 0.784462 0.067186 0.000000 0.000000 0.000000 1.000000
0.779320 -0.068080 -0.622916 0.221905 0.074246 0.997110 -0.016089 8.720559 0.622212 -0.033710 0.782123 0.067684 0.000000 0.000000 0.000000 1.000000
0.777027 -0.067435 -0.625845 0.228419 0.072309 0.997226 -0.017675 8.720971 0.625301 -0.031520 0.779747 0.068257 0.000000 0.000000 0.000000 1.000000
0.774703 -0.066775 -0.628789 0.234801 0.070276 0.997340 -0.019330 8.721459 0.628408 -0.029213 0.777335 0.068887 0.000000 0.000000 0.000000 1.000000
0.772351 -0.066103 -0.631747 0.241001 0.068251 0.997449 -0.020928 8.722041 0.631519 -0.026954 0.774892 0.069479 0.000000 0.000000 0.000000 1.000000
0.769971 -0.065420 -0.634716 0.246976 0.066247 0.997551 -0.022454 8.722719 0.634631 -0.024759 0.772419 0.070028 0.000000 0.000000 0.000000 1.000000
0.767564 -0.064726 -0.637696 0.252675 0.064277 0.997646 -0.023894 8.723504 0.637741 -0.022649 0.769918 0.070522 0.000000 0.000000 0.000000 1.000000
0.765131 -0.064023 -0.640684 0.258053 0.062356 0.997735 -0.025234 8.724398 0.640848 -0.020643 0.767390 0.070944 0.000000 0.000000 0.000000 1.000000
0.762672 -0.063311 -0.643679 0.263061 0.060499 0.997817 -0.026460 8.725412 0.643950 -0.018761 0.764838 0.071284 0.000000 0.000000 0.000000 1.000000
0.760189 -0.062593 -0.646680 0.267651 0.058721 0.997894 -0.027559 8.726558 0.647043 -0.017024 0.762263 0.071530 0.000000 0.000000 0.000000 1.000000
0.757681 -0.061868 -0.649686 0.271776 0.057037 0.997965 -0.028516 8.727835 0.650128 -0.015450 0.759668 0.071670 0.000000 0.000000 0.000000 1.000000
0.755150 -0.061137 -0.652695 0.275388 0.055461 0.998030 -0.029317 8.729259 0.653202 -0.014061 0.757053 0.071692 0.000000 0.000000 0.000000 1.000000
0.752596 -0.060403 -0.655706 0.278441 0.054012 0.998091 -0.029950 8.730834 0.656263 -0.012876 0.754422 0.071584 0.000000 0.000000 0.000000 1.000000
0.750020 -0.059665 -0.658718 0.280887 0.052705 0.998147 -0.030400 8.732567 0.659312 -0.011917 0.751775 0.071334 0.000000 0.000000 0.000000 1.000000
0.747423 -0.058925 -0.661730 0.282677 0.051556 0.998200 -0.030654 8.734467 0.662345 -0.011204 0.749116 0.070930 0.000000 0.000000 0.000000 1.000000
0.744806 -0.058184 -0.664739 0.283764 0.050583 0.998248 -0.030700 8.736538 0.665361 -0.010759 0.746444 0.070358 0.000000 0.000000 0.000000 1.000000
0.742300 -0.057444 -0.667601 0.284106 0.049797 0.998293 -0.030530 8.738800 0.668215 -0.010583 0.743893 0.069629 0.000000 0.000000 0.000000 1.000000
0.740691 -0.056721 -0.669447 0.283701 0.049487 0.998329 -0.029833 8.741327 0.670020 -0.011032 0.742261 0.068600 0.000000 0.000000 0.000000 1.000000
0.740096 -0.055596 -0.670199 0.282823 0.049395 0.998379 -0.028273 8.744145 0.670684 -0.012180 0.741643 0.067235 0.000000 0.000000 0.000000 1.000000
0.740473 -0.053896 -0.669921 0.281611 0.049355 0.998449 -0.025773 8.747244 0.670271 -0.013980 0.741985 0.065566 0.000000 0.000000 0.000000 1.000000
0.741767 -0.051690 -0.668663 0.280056 0.049355 0.998529 -0.022440 8.750587 0.668840 -0.016357 0.743227 0.063625 0.000000 0.000000 0.000000 1.000000
0.743916 -0.049050 -0.666471 0.278154 0.049377 0.998611 -0.018380 8.754149 0.666447 -0.019236 0.745305 0.061446 0.000000 0.000000 0.000000 1.000000
0.746859 -0.046062 -0.663385 0.276076 0.049425 0.998684 -0.013700 8.758093 0.663143 -0.022556 0.748152 0.059059 0.000000 0.000000 0.000000 1.000000
0.750529 -0.042811 -0.659450 0.273979 0.049494 0.998738 -0.008508 8.762573 0.658982 -0.026253 0.751700 0.056492 0.000000 0.000000 0.000000 1.000000
0.754859 -0.039399 -0.654703 0.271825 0.049605 0.998765 -0.002911 8.767531 0.654009 -0.030280 0.755880 0.053775 0.000000 0.000000 0.000000 1.000000
0.759781 -0.035920 -0.649187 0.269582 0.049768 0.998756 0.002985 8.772898 0.648272 -0.034577 0.760623 0.050941 0.000000 0.000000 0.000000 1.000000
0.765229 -0.032434 -0.642941 0.267221 0.049952 0.998710 0.009072 8.778603 0.641817 -0.039058 0.765862 0.048043 0.000000 0.000000 0.000000 1.000000
0.771136 -0.029026 -0.636008 0.264711 0.050162 0.998625 0.015243 8.784594 0.634691 -0.043658 0.771532 0.045099 0.000000 0.000000 0.000000 1.000000
0.777436 -0.025773 -0.628434 0.262023 0.050394 0.998500 0.021393 8.790811 0.626940 -0.048301 0.777569 0.042144 0.000000 0.000000 0.000000 1.000000
0.784064 -0.022745 -0.620263 0.259130 0.050648 0.998340 0.027414 8.797190 0.618610 -0.052909 0.783915 0.039217 0.000000 0.000000 0.000000 1.000000
0.790958 -0.020012 -0.611543 0.256003 0.050924 0.998150 0.033201 8.803675 0.609748 -0.057403 0.790514 0.036357 0.000000 0.000000 0.000000 1.000000
0.798056 -0.017642 -0.602325 0.252618 0.051230 0.997939 0.038649 8.810208 0.600402 -0.061701 0.797315 0.033607 0.000000 0.000000 0.000000 1.000000
0.805300 -0.015696 -0.592659 0.248953 0.051571 0.997715 0.043652 8.816740 0.590620 -0.065717 0.804270 0.031010 0.000000 0.000000 0.000000 1.000000
0.812636 -0.014232 -0.582598 0.244991 0.051957 0.997490 0.048106 8.823201 0.580451 -0.069363 0.811335 0.028614 0.000000 0.000000 0.000000 1.000000
0.820098 -0.013240 -0.572070 0.240576 0.052373 0.997273 0.051999 8.829553 0.569821 -0.072605 0.818555 0.026440 0.000000 0.000000 0.000000 1.000000
0.828136 -0.012440 -0.560390 0.234859 0.052760 0.997045 0.055835 8.835931 0.558039 -0.075805 0.826345 0.024316 0.000000 0.000000 0.000000 1.000000
0.836727 -0.011802 -0.547492 0.227841 0.053117 0.996803 0.059690 8.842336 0.545037 -0.079026 0.834679 0.022200 0.000000 0.000000 0.000000 1.000000
0.845767 -0.011335 -0.533431 0.219681 0.053438 0.996547 0.063552 8.848724 0.530869 -0.082256 0.843452 0.020091 0.000000 0.000000 0.000000 1.000000
0.855148 -0.011048 -0.518266 0.210542 0.053722 0.996278 0.067403 8.855055 0.515593 -0.085482 0.852559 0.017984 0.000000 0.000000 0.000000 1.000000
0.864765 -0.010953 -0.502058 0.200584 0.053969 0.995999 0.071229 8.861288 0.499269 -0.088692 0.861896 0.015880 0.000000 0.000000 0.000000 1.000000
0.874514 -0.011032 -0.484874 0.189972 0.054153 0.995711 0.075014 8.867384 0.481967 -0.091858 0.871361 0.013777 0.000000 0.000000 0.000000 1.000000
0.884297 -0.011311 -0.466787 0.178864 0.054297 0.995415 0.078741 8.873300 0.463757 -0.094975 0.880857 0.011674 0.000000 0.000000 0.000000 1.000000
0.894019 -0.011814 -0.447874 0.167418 0.054426 0.995113 0.082394 8.879007 0.444712 -0.098038 0.890292 0.009566 0.000000 0.000000 0.000000 1.000000
0.903591 -0.012519 -0.428214 0.155796 0.054519 0.994806 0.085959 8.884342 0.424914 -0.101017 0.899580 0.007486 0.000000 0.000000 0.000000 1.000000
0.912932 -0.013401 -0.407891 0.144181 0.054550 0.994499 0.089419 8.889141 0.404449 -0.103884 0.908641 0.005469 0.000000 0.000000 0.000000 1.000000
0.921969 -0.014413 -0.386996 0.132758 0.054478 0.994197 0.092760 8.893364 0.383413 -0.106605 0.917404 0.003520 0.000000 0.000000 0.000000 1.000000
0.930632 -0.015590 -0.365625 0.121694 0.054353 0.993899 0.095967 8.896981 0.361898 -0.109183 0.925802 0.001636 0.000000 0.000000 0.000000 1.000000
0.938861 -0.016932 -0.343879 0.111157 0.054190 0.993608 0.099025 8.899979 0.340005 -0.111606 0.933778 -0.000188 0.000000 0.000000 0.000000 1.000000
0.946607 -0.018449 -0.321863 0.101308 0.054014 0.993325 0.101921 8.902368 0.317834 -0.113865 0.941284 -0.001959 0.000000 0.000000 0.000000 1.000000
0.953826 -0.020146 -0.299682 0.092312 0.053852 0.993051 0.104642 8.904140 0.295491 -0.115949 0.948283 -0.003686 0.000000 0.000000 0.000000 1.000000
0.960435 -0.022045 -0.277629 0.084359 0.053767 0.992786 0.107169 8.905298 0.273264 -0.117856 0.954692 -0.005382 0.000000 0.000000 0.000000 1.000000
0.966375 -0.024072 -0.256008 0.077649 0.053727 0.992536 0.109483 8.905796 0.251461 -0.119556 0.960455 -0.007043 0.000000 0.000000 0.000000 1.000000
0.971658 -0.026174 -0.234936 0.072389 0.053708 0.992304 0.111575 8.905454 0.230207 -0.121030 0.965586 -0.008610 0.000000 0.000000 0.000000 1.000000
0.976304 -0.028375 -0.214536 0.068920 0.053760 0.992090 0.113433 8.904480 0.209621 -0.122279 0.970107 -0.010090 0.000000 0.000000 0.000000 1.000000
0.980369 -0.030758 -0.194756 0.067221 0.053998 0.991877 0.115167 8.903031 0.189631 -0.123422 0.974067 -0.011564 0.000000 0.000000 0.000000 1.000000
0.983927 -0.033349 -0.175428 0.067040 0.054450 0.991653 0.116877 8.901221 0.170066 -0.124550 0.977530 -0.013103 0.000000 0.000000 0.000000 1.000000
0.987016 -0.036134 -0.156505 0.068264 0.055092 0.991419 0.118546 8.899070 0.150878 -0.125629 0.980537 -0.014695 0.000000 0.000000 0.000000 1.000000
0.989669 -0.039096 -0.137935 0.070780 0.055903 0.991180 0.120157 8.896589 0.132020 -0.126627 0.983126 -0.016328 0.000000 0.000000 0.000000 1.000000
0.991917 -0.042216 -0.119663 0.074467 0.056855 0.990938 0.121690 8.893778 0.113442 -0.127510 0.985328 -0.017982 0.000000 0.000000 0.000000 1.000000
0.993783 -0.045458 -0.101631 0.079165 0.057908 0.990700 0.123126 8.890569 0.095089 -0.128246 0.987173 -0.019601 0.000000 0.000000 0.000000 1.000000
0.995289 -0.048798 -0.083779 0.084737 0.059037 0.990469 0.124443 8.886956 0.076908 -0.128803 0.988684 -0.021159 0.000000 0.000000 0.000000 1.000000
0.996449 -0.052217 -0.066047 0.091059 0.060219 0.990249 0.125620 8.882949 0.058843 -0.129151 0.989878 -0.022639 0.000000 0.000000 0.000000 1.000000
0.997275 -0.055693 -0.048374 0.098007 0.061432 0.990045 0.126634 8.878550 0.040840 -0.129260 0.990769 -0.024021 0.000000 0.000000 0.000000 1.000000
0.997774 -0.059206 -0.030698 0.105455 0.062658 0.989862 0.127462 8.873758 0.022840 -0.129102 0.991368 -0.025292 0.000000 0.000000 0.000000 1.000000
0.997946 -0.062733 -0.012955 0.113281 0.063877 0.989705 0.128081 8.868571 0.004787 -0.128645 0.991679 -0.026435 0.000000 0.000000 0.000000 1.000000
0.997791 -0.066248 0.004919 0.121362 0.065069 0.989577 0.128465 8.863008 -0.013378 -0.127862 0.991702 -0.027434 0.000000 0.000000 0.000000 1.000000
0.997301 -0.069724 0.022987 0.129578 0.066214 0.989485 0.128591 8.857079 -0.031711 -0.126722 0.991431 -0.028270 0.000000 0.000000 0.000000 1.000000
0.996466 -0.073136 0.041316 0.137807 0.067294 0.989433 0.128431 8.850789 -0.050272 -0.125197 0.990857 -0.028928 0.000000 0.000000 0.000000 1.000000
0.995268 -0.076454 0.059968 0.145931 0.068295 0.989425 0.127960 8.844138 -0.069117 -0.123259 0.989965 -0.029396 0.000000 0.000000 0.000000 1.000000
0.993687 -0.079648 0.079008 0.153831 0.069200 0.989467 0.127148 8.837139 -0.088303 -0.120878 0.988732 -0.029657 0.000000 0.000000 0.000000 1.000000
0.991696 -0.082687 0.098498 0.161382 0.069997 0.989562 0.125968 8.829812 -0.107886 -0.118028 0.987132 -0.029700 0.000000 0.000000 0.000000 1.000000
0.989263 -0.085539 0.118501 0.168457 0.070677 0.989713 0.124391 8.822187 -0.127922 -0.114680 0.985132 -0.029510 0.000000 0.000000 0.000000 1.000000
0.986350 -0.088162 0.139076 0.174953 0.071225 0.989924 0.122385 8.814269 -0.148464 -0.110808 0.982690 -0.029073 0.000000 0.000000 0.000000 1.000000
0.982894 -0.090680 0.160299 0.180858 0.071790 0.990181 0.119949 8.806053 -0.169602 -0.106390 0.979753 -0.028370 0.000000 0.000000 0.000000 1.000000
0.978764 -0.093251 0.182550 0.187164 0.072552 0.990482 0.116969 8.797270 -0.191720 -0.101241 0.976214 -0.027306 0.000000 0.000000 0.000000 1.000000
0.973905 -0.095728 0.205778 0.194052 0.073425 0.990829 0.113428 8.787940 -0.214749 -0.095359 0.972003 -0.025880 0.000000 0.000000 0.000000 1.000000
0.968285 -0.098074 0.229797 0.201423 0.074436 0.991209 0.109385 8.778099 -0.238504 -0.088810 0.967072 -0.024135 0.000000 0.000000 0.000000 1.000000
0.961884 -0.100258 0.254417 0.209200 0.075610 0.991604 0.104899 8.767784 -0.262798 -0.081665 0.961389 -0.022130 0.000000 0.000000 0.000000 1.000000
0.954702 -0.102243 0.279447 0.217309 0.076957 0.992004 0.100033 8.757108 -0.287440 -0.073996 0.954936 -0.020363 0.000000 0.000000 0.000000 1.000000
0.946753 -0.104010 0.304697 0.225676 0.078499 0.992392 0.094847 8.746096 -0.312243 -0.065878 0.947715 -0.018935 0.000000 0.000000 0.000000 1.000000
0.938070 -0.105559 0.329972 0.234254 0.080265 0.992756 0.089401 8.734712 -0.337019 -0.057379 0.939748 -0.017418 0.000000 0.000000 0.000000 1.000000
0.928701 -0.106914 0.355082 0.243012 0.082302 0.993082 0.083757 8.722866 -0.361580 -0.048562 0.931076 -0.015901 0.000000 0.000000 0.000000 1.000000
0.918716 -0.108076 0.379844 0.251726 0.084617 0.993358 0.077976 8.710509 -0.385748 -0.039496 0.921758 -0.014267 0.000000 0.000000 0.000000 1.000000
0.908208 -0.108940 0.404091 0.260236 0.087093 0.993586 0.072118 8.698138 -0.409356 -0.030305 0.911871 -0.012274 0.000000 0.000000 0.000000 1.000000
0.897290 -0.109429 0.427663 0.268400 0.089622 0.993770 0.066245 8.686295 -0.432248 -0.021113 0.901508 -0.009808 0.000000 0.000000 0.000000 1.000000
0.886080 -0.109597 0.450390 0.275967 0.092227 0.993904 0.060412 8.674847 -0.454265 -0.011992 0.890786 -0.006940 0.000000 0.000000 0.000000 1.000000
0.874706 -0.109508 0.472120 0.283001 0.094931 0.993981 0.054672 8.663626 -0.475266 -0.003003 0.879837 -0.003674 0.000000 0.000000 0.000000 1.000000
0.863314 -0.109170 0.492718 0.289432 0.097686 0.994006 0.049079 8.652802 -0.495123 0.005761 0.868804 0.000120 0.000000 0.000000 0.000000 1.000000
0.852058 -0.108608 0.512056 0.295146 0.100448 0.993983 0.043681 8.642502 -0.513719 0.014217 0.857841 0.004513 0.000000 0.000000 0.000000 1.000000
0.841100 -0.107855 0.530018 0.300027 0.103174 0.993917 0.038525 8.632842 -0.530949 0.022281 0.847111 0.009580 0.000000 0.000000 0.000000 1.000000
0.830605 -0.106946 0.546496 0.303957 0.105817 0.993816 0.033656 8.623929 -0.546716 0.029874 0.836785 0.015395 0.000000 0.000000 0.000000 1.000000
0.820741 -0.105818 0.561416 0.307012 0.108281 0.993697 0.028998 8.615821 -0.560946 0.036991 0.827026 0.022186 0.000000 0.000000 0.000000 1.000000
0.811555 -0.104245 0.574902 0.310072 0.110545 0.993579 0.024112 8.609250 -0.573724 0.043984 0.817867 0.030747 0.000000 0.000000 0.000000 1.000000
0.803018 -0.102318 0.587105 0.313231 0.112669 0.993450 0.019029 8.603981 -0.585207 0.050868 0.809287 0.040888 0.000000 0.000000 0.000000 1.000000
0.795100 -0.100112 0.598159 0.316472 0.114665 0.993308 0.013830 8.598990 -0.595540 0.057592 0.801258 0.052265 0.000000 0.000000 0.000000 1.000000
0.789530 -0.098363 0.605778 0.319027 0.116145 0.993183 0.009892 8.595295 -0.602621 0.062548 0.795572 0.061416 0.000000 0.000000 0.000000 1.000000
0.785866 -0.097255 0.610701 0.320905 0.117202 0.993081 0.007331 8.592697 -0.607189 0.065814 0.791827 0.067432 0.000000 0.000000 0.000000 1.000000
0.782199 -0.096182 0.615560 0.322842 0.118265 0.992970 0.004873 8.590122 -0.611701 0.068988 0.788075 0.073181 0.000000 0.000000 0.000000 1.000000
0.778532 -0.095144 0.620351 0.324833 0.119332 0.992851 0.002514 8.587564 -0.616155 0.072070 0.784320 0.078669 0.000000 0.000000 0.000000 1.000000
0.774870 -0.094140 0.625072 0.326875 0.120401 0.992725 0.000256 8.585037 -0.620548 0.075061 0.780567 0.083900 0.000000 0.000000 0.000000 1.000000
0.771215 -0.093172 0.629719 0.328963 0.121472 0.992593 -0.001905 8.582533 -0.624877 0.077962 0.776821 0.088879 0.000000 0.000000 0.000000 1.000000
0.767572 -0.092238 0.634291 0.331095 0.122542 0.992455 -0.003969 8.580055 -0.629139 0.080774 0.773085 0.093612 0.000000 0.000000 0.000000 1.000000
0.763945 -0.091341 0.638783 0.333266 0.123610 0.992313 -0.005937 8.577605 -0.633331 0.083496 0.769364 0.098104 0.000000 0.000000 0.000000 1.000000
0.760338 -0.090479 0.643195 0.335471 0.124675 0.992167 -0.007812 8.575186 -0.637450 0.086131 0.765662 0.102358 0.000000 0.000000 0.000000 1.000000
0.756753 -0.089653 0.647523 0.337708 0.125735 0.992017 -0.009595 8.572799 -0.641494 0.088677 0.761985 0.106380 0.000000 0.000000 0.000000 1.000000
0.753197 -0.088864 0.651765 0.339971 0.126789 0.991866 -0.011286 8.570442 -0.645461 0.091137 0.758337 0.110177 0.000000 0.000000 0.000000 1.000000
0.749671 -0.088110 0.655919 0.342258 0.127834 0.991712 -0.012889 8.568120 -0.649347 0.093511 0.754721 0.113752 0.000000 0.000000 0.000000 1.000000
0.746181 -0.087393 0.659982 0.344565 0.128870 0.991557 -0.014403 8.565833 -0.653151 0.095799 0.751143 0.117110 0.000000 0.000000 0.000000 1.000000
0.742731 -0.086712 0.663951 0.346887 0.129895 0.991401 -0.015831 8.563584 -0.656869 0.098003 0.747608 0.120257 0.000000 0.000000 0.000000 1.000000
0.739325 -0.086068 0.667826 0.349222 0.130909 0.991246 -0.017175 8.561376 -0.660501 0.100122 0.744119 0.123197 0.000000 0.000000 0.000000 1.000000
0.735966 -0.085460 0.671603 0.351564 0.131909 0.991090 -0.018436 8.559202 -0.664043 0.102159 0.740682 0.125936 0.000000 0.000000 0.000000 1.000000
0.732660 -0.084890 0.675279 0.353909 0.132894 0.990936 -0.019616 8.557072 -0.667494 0.104112 0.737301 0.128477 0.000000 0.000000 0.000000 1.000000
0.729411 -0.084356 0.678855 0.356256 0.133864 0.990783 -0.020716 8.554981 -0.670850 0.105984 0.733980 0.130828 0.000000 0.000000 0.000000 1.000000
0.726222 -0.083860 0.682326 0.358599 0.134816 0.990632 -0.021738 8.552938 -0.674111 0.107775 0.730725 0.132992 0.000000 0.000000 0.000000 1.000000
0.723098 -0.083400 0.685692 0.360935 0.135749 0.990484 -0.022683 8.550936 -0.677275 0.109484 0.727538 0.134975 0.000000 0.000000 0.000000 1.000000
0.720044 -0.082978 0.688950 0.363261 0.136664 0.990337 -0.023554 8.548983 -0.680338 0.111115 0.724426 0.136780 0.000000 0.000000 0.000000 1.000000
0.717062 -0.082592 0.692098 0.365571 0.137557 0.990194 -0.024353 8.547075 -0.683301 0.112666 0.721392 0.138414 0.000000 0.000000 0.000000 1.000000
0.714159 -0.082244 0.695135 0.367863 0.138429 0.990055 -0.025080 8.545217 -0.686159 0.114138 0.718441 0.139882 0.000000 0.000000 0.000000 1.000000
0.711337 -0.081933 0.698059 0.370133 0.139278 0.989919 -0.025738 8.543406 -0.688913 0.115532 0.715578 0.141187 0.000000 0.000000 0.000000 1.000000
0.708602 -0.081659 0.700867 0.372377 0.140103 0.989787 -0.026328 8.541649 -0.691559 0.116849 0.712806 0.142336 0.000000 0.000000 0.000000 1.000000
0.705958 -0.081422 0.703558 0.374590 0.140903 0.989659 -0.026852 8.539943 -0.694096 0.118090 0.710131 0.143334 0.000000 0.000000 0.000000 1.000000
0.703408 -0.081222 0.706130 0.376770 0.141678 0.989536 -0.027311 8.538288 -0.696523 0.119254 0.707555 0.144186 0.000000 0.000000 0.000000 1.000000
0.700958 -0.081058 0.708581 0.378916 0.142425 0.989418 -0.027709 8.536688 -0.698837 0.120343 0.705085 0.144893 0.000000 0.000000 0.000000 1.000000
0.698611 -0.080931 0.710910 0.381022 0.143145 0.989304 -0.028045 8.535143 -0.701037 0.121356 0.702724 0.145462 0.000000 0.000000 0.000000 1.000000
0.696371 -0.080841 0.713114 0.383082 0.143838 0.989196 -0.028322 8.533657 -0.703120 0.122296 0.700475 0.145900 0.000000 0.000000 0.000000 1.000000
0.694243 -0.080786 0.715192 0.385095 0.144500 0.989093 -0.028542 8.532228 -0.705086 0.123161 0.698345 0.146210 0.000000 0.000000 0.000000 1.000000
0.692232 -0.080767 0.717142 0.387056 0.145133 0.988996 -0.028707 8.530856 -0.706931 0.123952 0.696336 0.146398 0.000000 0.000000 0.000000 1.000000
0.690334 -0.080821 0.718962 0.388959 0.145735 0.988905 -0.028766 8.529550 -0.708661 0.124636 0.694453 0.146464 0.000000 0.000000 0.000000 1.000000
0.688563 -0.080894 0.720650 0.390804 0.146306 0.988820 -0.028796 8.528301 -0.710264 0.125263 0.692700 0.146419 0.000000 0.000000 0.000000 1.000000
0.686923 -0.080985 0.722204 0.392590 0.146845 0.988740 -0.028798 8.527114 -0.711740 0.125834 0.691080 0.146267 0.000000 0.000000 0.000000 1.000000
0.685417 -0.081094 0.723621 0.394311 0.147350 0.988666 -0.028774 8.525989 -0.713086 0.126348 0.689598 0.146011 0.000000 0.000000 0.000000 1.000000
0.684050 -0.081223 0.724899 0.395966 0.147823 0.988597 -0.028724 8.524923 -0.714300 0.126805 0.688256 0.145658 0.000000 0.000000 0.000000 1.000000
0.682821 -0.081393 0.726037 0.397548 0.148261 0.988534 -0.028616 8.523926 -0.715384 0.127183 0.687059 0.145212 0.000000 0.000000 0.000000 1.000000
0.681734 -0.081616 0.727034 0.399053 0.148666 0.988478 -0.028438 8.522998 -0.716336 0.127472 0.686013 0.144674 0.000000 0.000000 0.000000 1.000000
0.680794 -0.081872 0.727885 0.400478 0.149036 0.988429 -0.028216 8.522135 -0.717152 0.127690 0.685119 0.144052 0.000000 0.000000 0.000000 1.000000
0.680006 -0.082160 0.728589 0.401819 0.149371 0.988386 -0.027954 8.521344 -0.717831 0.127838 0.684380 0.143348 0.000000 0.000000 0.000000 1.000000
0.679373 -0.082481 0.729143 0.403070 0.149670 0.988349 -0.027652 8.520620 -0.718367 0.127917 0.683802 0.142566 0.000000 0.000000 0.000000 1.000000
0.678898 -0.082832 0.729545 0.404233 0.149933 0.988319 -0.027312 8.519967 -0.718761 0.127925 0.683387 0.141714 0.000000 0.000000 0.000000 1.000000
0.678585 -0.083213 0.729793 0.405304 0.150160 0.988295 -0.026935 8.519388 -0.719009 0.127863 0.683138 0.140797 0.000000 0.000000 0.000000 1.000000
0.678444 -0.083625 0.729877 0.406279 0.150350 0.988277 -0.026524 8.518883 -0.719103 0.127732 0.683063 0.139820 0.000000 0.000000 0.000000 1.000000
0.678461 -0.084064 0.729811 0.407158 0.150502 0.988266 -0.026079 8.518450 -0.719055 0.127532 0.683151 0.138787 0.000000 0.000000 0.000000 1.000000
0.678655 -0.084531 0.729576 0.407929 0.150618 0.988261 -0.025602 8.518090 -0.718847 0.127262 0.683420 0.137697 0.000000 0.000000 0.000000 1.000000
0.679027 -0.085011 0.729175 0.408596 0.150673 0.988265 -0.025094 8.517809 -0.718485 0.126906 0.683867 0.136557 0.000000 0.000000 0.000000 1.000000
0.679576 -0.085526 0.728602 0.409150 0.150704 0.988274 -0.024557 8.517605 -0.717959 0.126492 0.684496 0.135374 0.000000 0.000000 0.000000 1.000000
0.680305 -0.086077 0.727857 0.409590 0.150713 0.988286 -0.023991 8.517479 -0.717266 0.126019 0.685309 0.134154 0.000000 0.000000 0.000000 1.000000
0.681217 -0.086664 0.726934 0.409912 0.150700 0.988303 -0.023399 8.517433 -0.716402 0.125489 0.686309 0.132898 0.000000 0.000000 0.000000 1.000000
0.682319 -0.087255 0.725829 0.410117 0.150622 0.988329 -0.022781 8.517464 -0.715370 0.124869 0.687498 0.131609 0.000000 0.000000 0.000000 1.000000
0.683609 -0.087872 0.724540 0.410198 0.150510 0.988361 -0.022139 8.517579 -0.714161 0.124185 0.688877 0.130295 0.000000 0.000000 0.000000 1.000000
0.685090 -0.088509 0.723061 0.410154 0.150358 0.988398 -0.021474 8.517776 -0.712772 0.123429 0.690450 0.128957 0.000000 0.000000 0.000000 1.000000
0.686767 -0.089164 0.721388 0.409982 0.150165 0.988442 -0.020786 8.518060 -0.711198 0.122603 0.692219 0.127601 0.000000 0.000000 0.000000 1.000000
0.688639 -0.089838 0.719518 0.409676 0.149934 0.988492 -0.020078 8.518427 -0.709434 0.121707 0.694184 0.126230 0.000000 0.000000 0.000000 1.000000
0.690709 -0.090528 0.717443 0.409234 0.149663 0.988548 -0.019350 8.518880 -0.707475 0.120740 0.696348 0.124851 0.000000 0.000000 0.000000 1.000000
